0 0.39140625 0.6625 0.07187500000000001 0.1388888888888889
0 0.47968750000000004 0.5527777777777778 0.06406250000000001 0.11944444444444445
0 0.42421875000000003 0.44375000000000003 0.035937500000000004 0.05694444444444444
0 0.47500000000000003 0.44027777777777777 0.035937500000000004 0.061111111111111116
0 0.37539062500000003 0.4416666666666667 0.041406250000000006 0.0638888888888889
0 0.059375000000000004 0.5673611111111111 0.0734375 0.10138888888888889
0 0.15351562500000002 0.4840277777777778 0.05859375 0.07361111111111111
0 0.44921875 0.38472222222222224 0.029687500000000002 0.05
0 0.41445312500000003 0.3527777777777778 0.025781250000000002 0.030555555555555558
0 0.04609375 0.7222222222222222 0.09062500000000001 0.15555555555555556
0 0.15156250000000002 0.7798611111111111 0.1234375 0.23750000000000002
0 0.513671875 0.7236111111111111 0.09921875000000001 0.16666666666666669
0 0.786328125 0.9375 0.11484375000000001 0.11666666666666667
0 0.40468750000000003 0.38680555555555557 0.025 0.02638888888888889
0 0.207421875 0.41944444444444445 0.03515625 0.05277777777777778
0 0.543359375 0.4131944444444445 0.02421875 0.029166666666666667
0 0.49648437500000003 0.3701388888888889 0.02734375 0.0375
0 0.36875 0.3840277777777778 0.018750000000000003 0.04861111111111111
0 0.14921875 0.5659722222222222 0.07968750000000001 0.08194444444444444
0 0.388671875 0.34444444444444444 0.014843750000000001 0.03888888888888889
