0 0.59765625 0.6368055555555556 0.1 0.22916666666666669
0 0.32148437500000004 0.4666666666666667 0.08046875 0.13333333333333333
0 0.40351562500000004 0.3159722222222222 0.03359375 0.05694444444444444
0 0.53125 0.3354166666666667 0.040625 0.05416666666666667
0 0.47773437500000004 0.27847222222222223 0.03515625 0.0625
0 0.43046875 0.25069444444444444 0.0328125 0.04861111111111111
0 0.51484375 0.2513888888888889 0.026562500000000003 0.03333333333333333
0 0.511328125 0.2125 0.02109375 0.030555555555555558
0 0.479296875 0.2111111111111111 0.01953125 0.02777777777777778
0 0.45429687500000004 0.18819444444444444 0.01953125 0.029166666666666667
0 0.769140625 0.25833333333333336 0.07421875 0.08888888888888889
0 0.6839843750000001 0.33125 0.07265625 0.10694444444444445
