0 0.490234375 0.5388888888888889 0.16015625 0.26944444444444443
0 0.8445312500000001 0.64375 0.2578125 0.3652777777777778
0 0.731640625 0.3 0.13046875 0.19722222222222224
0 0.550390625 0.2715277777777778 0.09765625 0.13472222222222222
0 0.5578125 0.10833333333333334 0.08125 0.09444444444444444
0 0.471484375 0.16527777777777777 0.06640625 0.09444444444444444
0 0.40234375 0.2465277777777778 0.0734375 0.12916666666666668
0 0.3765625 0.08263888888888889 0.0390625 0.07083333333333333
0 0.062890625 0.36458333333333337 0.08515625 0.1513888888888889
0 0.21640625000000002 0.4444444444444445 0.0890625 0.1638888888888889
0 0.162109375 0.3215277777777778 0.07578125000000001 0.12638888888888888
0 0.20273437500000002 0.21666666666666667 0.06015625 0.075
0 0.35703125 0.03263888888888889 0.029687500000000002 0.04861111111111111
0 0.384765625 0.0125 0.02890625 0.025
0 0.56875 0.0125 0.0390625 0.025
