0 0.28554687500000003 0.43333333333333335 0.07109375 0.09444444444444444
0 0.25625000000000003 0.7993055555555556 0.18125000000000002 0.27361111111111114
0 0.610546875 0.5277777777777778 0.07109375 0.12222222222222223
0 0.5281250000000001 0.4708333333333333 0.05625 0.09444444444444444
0 0.6664062500000001 0.4048611111111111 0.0578125 0.08472222222222223
0 0.595703125 0.4041666666666667 0.05390625 0.1
0 0.54140625 0.3506944444444445 0.035937500000000004 0.059722222222222225
0 0.594921875 0.2972222222222222 0.02734375 0.05
0 0.5378906250000001 0.30208333333333337 0.02890625 0.04583333333333334
0 0.9320312500000001 0.8916666666666667 0.134375 0.20277777777777778
0 0.06875 0.6465277777777778 0.13593750000000002 0.18194444444444446
0 0.44062500000000004 0.4444444444444445 0.046875 0.061111111111111116
0 0.6238281250000001 0.3451388888888889 0.02890625 0.04583333333333334
1 0.7585937500000001 0.33194444444444443 0.078125 0.10833333333333334
0 0.5671875000000001 0.2986111111111111 0.0234375 0.02777777777777778
0 0.57734375 0.2590277777777778 0.015625 0.02361111111111111
0 0.54140625 0.26805555555555555 0.0140625 0.030555555555555558
0 0.54296875 0.24305555555555555 0.009375000000000001 0.01388888888888889
