0 0.884375 0.35694444444444445 0.1328125 0.14722222222222223
0 0.951171875 0.2604166666666667 0.09609375 0.10138888888888889
0 0.7671875 0.8152777777777778 0.22187500000000002 0.3666666666666667
0 0.517578125 0.29375 0.06484375 0.12638888888888888
0 0.6296875000000001 0.2888888888888889 0.0734375 0.12222222222222223
0 0.45625000000000004 0.15763888888888888 0.040625 0.06527777777777778
0 0.5890625 0.12847222222222224 0.037500000000000006 0.0763888888888889
0 0.521484375 0.10833333333333334 0.04609375 0.06944444444444445
0 0.7039062500000001 0.10972222222222222 0.05 0.09166666666666667
0 0.6421875 0.0375 0.0328125 0.05555555555555556
0 0.6746093750000001 0.017361111111111112 0.022656250000000003 0.034722222222222224
0 0.501953125 0.020833333333333336 0.025781250000000002 0.030555555555555558
0 0.48828125 0.058333333333333334 0.0234375 0.04722222222222222
0 0.575390625 0.06736111111111111 0.032031250000000004 0.051388888888888894
0 0.52890625 0.05277777777777778 0.025 0.05
0 0.5691406250000001 0.027083333333333334 0.02734375 0.02638888888888889
