0 0.6722656250000001 0.5743055555555556 0.11171875 0.1875
0 0.532421875 0.5868055555555556 0.09453125000000001 0.17083333333333334
0 0.515234375 0.3875 0.05390625 0.11666666666666667
0 0.680859375 0.3965277777777778 0.08515625 0.10138888888888889
0 0.583984375 0.3354166666666667 0.05234375 0.07916666666666666
0 0.63828125 0.2826388888888889 0.05 0.0625
0 0.56171875 0.2555555555555556 0.0390625 0.05555555555555556
0 0.59375 0.20972222222222223 0.028125 0.05277777777777778
0 0.5632812500000001 0.17083333333333334 0.018750000000000003 0.03333333333333333
0 0.9261718750000001 0.8347222222222223 0.14609375 0.2833333333333333
0 0.234375 0.8006944444444445 0.19687500000000002 0.32083333333333336
0 0.355078125 0.48750000000000004 0.07578125000000001 0.13611111111111113
0 0.272265625 0.42708333333333337 0.08046875 0.10972222222222222
0 0.687109375 0.18888888888888888 0.049218750000000006 0.075
0 0.517578125 0.2576388888888889 0.02890625 0.04027777777777778
0 0.523828125 0.2215277777777778 0.01953125 0.03194444444444445
0 0.52265625 0.20069444444444445 0.026562500000000003 0.02638888888888889
0 0.55703125 0.21180555555555555 0.029687500000000002 0.04583333333333334
0 0.547265625 0.1798611111111111 0.013281250000000001 0.02361111111111111
0 0.521875 0.17847222222222223 0.0140625 0.029166666666666667
0 0.5421875 0.16041666666666668 0.0171875 0.029166666666666667
