0 0.43007812500000003 0.4361111111111111 0.07578125000000001 0.14722222222222223
0 0.351171875 0.36944444444444446 0.07578125000000001 0.1388888888888889
0 0.5750000000000001 0.2951388888888889 0.05625 0.10694444444444445
0 0.4890625 0.18958333333333335 0.0390625 0.06527777777777778
0 0.4375 0.1423611111111111 0.0328125 0.04861111111111111
0 0.7136718750000001 0.22222222222222224 0.07578125000000001 0.09722222222222222
0 0.54921875 0.1701388888888889 0.040625 0.07916666666666666
0 0.456640625 0.07083333333333333 0.01953125 0.030555555555555558
0 0.8671875 0.11736111111111111 0.0625 0.08750000000000001
0 0.52578125 0.12430555555555556 0.0234375 0.07083333333333333
1 0.48945312500000004 0.07847222222222222 0.039843750000000004 0.1125
0 0.6531250000000001 0.06041666666666667 0.043750000000000004 0.059722222222222225
0 0.59921875 0.08194444444444444 0.0484375 0.0638888888888889
