0 0.29609375 0.5333333333333333 0.13125 0.20833333333333334
0 0.486328125 0.40555555555555556 0.07109375 0.15
0 0.7992187500000001 0.32083333333333336 0.0921875 0.09722222222222222
0 0.9105468750000001 0.24097222222222223 0.10390625 0.09305555555555556
0 0.408203125 0.22083333333333335 0.05078125 0.08611111111111111
0 0.49335937500000004 0.17222222222222222 0.03359375 0.07777777777777778
0 0.562109375 0.2111111111111111 0.04453125 0.07222222222222223
0 0.5535156250000001 0.14583333333333334 0.030468750000000003 0.05
0 0.501953125 0.10833333333333334 0.022656250000000003 0.04166666666666667
0 0.722265625 0.8527777777777779 0.21640625000000002 0.2916666666666667
0 0.970703125 0.48194444444444445 0.057031250000000006 0.15555555555555556
0 0.696484375 0.20555555555555557 0.06796875000000001 0.10555555555555556
0 0.609375 0.08750000000000001 0.026562500000000003 0.058333333333333334
0 0.6609375000000001 0.07152777777777779 0.046875 0.06527777777777778
0 0.46953125 0.05625 0.0171875 0.0375
0 0.536328125 0.08125 0.02421875 0.04027777777777778
0 0.503515625 0.05277777777777778 0.017968750000000002 0.036111111111111115
