0 0.5890625 0.545138888888889 0.1046875 0.19305555555555556
0 0.46640625 0.2673611111111111 0.046875 0.09027777777777778
0 0.5234375 0.22777777777777777 0.040625 0.0638888888888889
0 0.43046875 0.13055555555555556 0.0171875 0.036111111111111115
0 0.498046875 0.12569444444444444 0.02109375 0.03194444444444445
0 0.653515625 0.25416666666666665 0.07109375 0.10833333333333334
0 0.7367187500000001 0.26180555555555557 0.078125 0.12916666666666668
0 0.620703125 0.10347222222222223 0.017968750000000002 0.034722222222222224
0 0.577734375 0.15208333333333335 0.02109375 0.04861111111111111
0 0.6765625000000001 0.13958333333333334 0.029687500000000002 0.06805555555555556
0 0.47109375000000003 0.09375 0.0125 0.029166666666666667
0 0.45 0.09027777777777778 0.015625 0.036111111111111115
