0 0.416796875 0.78125 0.10078125 0.2569444444444445
0 0.17265625 0.8368055555555556 0.1765625 0.3180555555555556
0 0.539453125 0.5430555555555556 0.07734375 0.15555555555555556
0 0.801953125 0.6256944444444444 0.11171875 0.1625
0 0.3984375 0.33611111111111114 0.025 0.04166666666666667
0 0.456640625 0.3666666666666667 0.03359375 0.05555555555555556
0 0.49335937500000004 0.3340277777777778 0.02734375 0.0375
0 0.455859375 0.29583333333333334 0.014843750000000001 0.025
0 0.428515625 0.26805555555555555 0.01015625 0.016666666666666666
0 0.6328125 0.9236111111111112 0.1875 0.15
0 0.94140625 0.7020833333333334 0.11406250000000001 0.25416666666666665
0 0.822265625 0.4375 0.09609375 0.10833333333333334
0 0.628125 0.4152777777777778 0.065625 0.08888888888888889
0 0.570703125 0.3472222222222222 0.03828125 0.05277777777777778
0 0.696484375 0.37430555555555556 0.05390625 0.09583333333333334
