0 0.7097656250000001 0.8006944444444445 0.19765625 0.2625
0 0.57265625 0.32222222222222224 0.08125 0.20833333333333334
0 0.774609375 0.22430555555555556 0.10078125 0.13472222222222222
0 0.35273437500000004 0.20347222222222222 0.06484375 0.12916666666666668
0 0.47695312500000003 0.14444444444444446 0.047656250000000004 0.08055555555555556
0 0.4109375 0.08888888888888889 0.037500000000000006 0.06944444444444445
0 0.6863281250000001 0.13194444444444445 0.05234375 0.08055555555555556
0 0.6039062500000001 0.02291666666666667 0.037500000000000006 0.029166666666666667
0 0.49140625000000004 0.011111111111111112 0.025 0.019444444444444445
0 0.861328125 0.12569444444444444 0.08359375000000001 0.10694444444444445
0 0.7699218750000001 0.11597222222222223 0.09609375 0.0763888888888889
