0 0.147265625 0.7944444444444445 0.18515625000000002 0.24166666666666667
0 0.389453125 0.5430555555555556 0.07890625000000001 0.15833333333333333
0 0.499609375 0.5243055555555556 0.08515625 0.15416666666666667
0 0.470703125 0.8506944444444445 0.15078125 0.29583333333333334
0 0.7953125000000001 0.39375 0.096875 0.12361111111111112
0 0.69921875 0.2972222222222222 0.046875 0.08888888888888889
0 0.45351562500000003 0.3375 0.039843750000000004 0.08055555555555556
0 0.453125 0.24791666666666667 0.026562500000000003 0.043055555555555555
0 0.51171875 0.2555555555555556 0.0171875 0.025
0 0.483984375 0.25416666666666665 0.02421875 0.036111111111111115
0 0.49453125000000003 0.22569444444444445 0.0171875 0.020833333333333336
0 0.512109375 0.22916666666666669 0.017968750000000002 0.025
