0 0.58359375 0.5520833333333334 0.0765625 0.14305555555555557
0 0.47773437500000004 0.5055555555555555 0.06171875 0.11388888888888889
0 0.354296875 0.5256944444444445 0.07109375 0.14027777777777778
0 0.5476562500000001 0.4013888888888889 0.045312500000000006 0.07222222222222223
0 0.7406250000000001 0.5097222222222222 0.078125 0.08611111111111111
0 0.453125 0.3 0.018750000000000003 0.03888888888888889
0 0.503515625 0.3138888888888889 0.022656250000000003 0.036111111111111115
0 0.52734375 0.28958333333333336 0.0203125 0.02638888888888889
0 0.990234375 0.5465277777777778 0.017968750000000002 0.09305555555555556
0 0.8250000000000001 0.48333333333333334 0.08125 0.13611111111111113
0 0.6371093750000001 0.3597222222222222 0.04609375 0.0638888888888889
0 0.603125 0.29930555555555555 0.034375 0.034722222222222224
