0 0.6195312500000001 0.6833333333333333 0.1015625 0.17222222222222222
0 0.290625 0.3527777777777778 0.043750000000000004 0.08055555555555556
0 0.625 0.5319444444444444 0.08125 0.14166666666666666
0 0.4890625 0.5861111111111111 0.06406250000000001 0.1388888888888889
0 0.533203125 0.3861111111111111 0.05078125 0.11388888888888889
0 0.59375 0.3944444444444445 0.0390625 0.06944444444444445
0 0.47773437500000004 0.4236111111111111 0.04453125 0.07777777777777778
0 0.480078125 0.3423611111111111 0.032031250000000004 0.05694444444444444
0 0.841015625 0.8909722222222223 0.10703125000000001 0.2152777777777778
0 0.21406250000000002 0.5222222222222223 0.096875 0.1388888888888889
0 0.039843750000000004 0.6159722222222223 0.07500000000000001 0.15972222222222224
0 0.13125 0.9423611111111111 0.1453125 0.1125
0 0.51328125 0.35208333333333336 0.026562500000000003 0.034722222222222224
0 0.5453125 0.3159722222222222 0.025 0.029166666666666667
0 0.523828125 0.30208333333333337 0.02109375 0.02361111111111111
0 0.49921875000000004 0.3055555555555556 0.018750000000000003 0.025
0 0.696484375 0.4131944444444445 0.05390625 0.06527777777777778
0 0.6433593750000001 0.36875 0.030468750000000003 0.04583333333333334
0 0.616796875 0.33333333333333337 0.02734375 0.04166666666666667
