0 0.474609375 0.8222222222222223 0.13984375000000002 0.3527777777777778
0 0.3640625 0.40069444444444446 0.0765625 0.14305555555555557
0 0.27382812500000003 0.32916666666666666 0.08203125 0.10277777777777779
0 0.51171875 0.3201388888888889 0.05625 0.11805555555555557
0 0.43789062500000003 0.16111111111111112 0.03515625 0.06944444444444445
0 0.5109375 0.16319444444444445 0.035937500000000004 0.05416666666666667
0 0.47187500000000004 0.09930555555555556 0.021875000000000002 0.034722222222222224
0 0.81953125 0.12083333333333333 0.0546875 0.05
0 0.66015625 0.27847222222222223 0.0734375 0.11527777777777778
1 0.8445312500000001 0.3340277777777778 0.215625 0.31527777777777777
0 0.8953125000000001 0.775 0.203125 0.3888888888888889
0 0.7175781250000001 0.17916666666666667 0.047656250000000004 0.08055555555555556
0 0.705078125 0.06180555555555556 0.03828125 0.04583333333333334
0 0.51171875 0.10694444444444445 0.0203125 0.05555555555555556
0 0.513671875 0.05763888888888889 0.02421875 0.02361111111111111
0 0.4609375 0.043055555555555555 0.0125 0.02777777777777778
0 0.48359375000000004 0.061111111111111116 0.0234375 0.030555555555555558
0 0.981640625 0.2326388888888889 0.03515625 0.08472222222222223
