0 0.45937500000000003 0.36041666666666666 0.059375000000000004 0.12638888888888888
0 0.537109375 0.27847222222222223 0.049218750000000006 0.08472222222222223
0 0.41875 0.14722222222222223 0.0203125 0.04722222222222222
0 0.503125 0.13194444444444445 0.029687500000000002 0.030555555555555558
0 0.60859375 0.1736111111111111 0.034375 0.05277777777777778
0 0.6605468750000001 0.8972222222222223 0.21953125 0.20277777777777778
0 0.47187500000000004 0.1 0.025 0.036111111111111115
0 0.44453125000000004 0.09027777777777778 0.0203125 0.02777777777777778
0 0.5613281250000001 0.10972222222222222 0.03515625 0.04722222222222222
0 0.628125 0.12708333333333333 0.0421875 0.04583333333333334
