0 0.15781250000000002 0.65 0.09531250000000001 0.11666666666666667
0 0.5300781250000001 0.8840277777777779 0.10859375 0.20416666666666666
0 0.636328125 0.5284722222222222 0.04609375 0.08472222222222223
0 0.5007812500000001 0.5881944444444445 0.045312500000000006 0.10138888888888889
0 0.57265625 0.5368055555555555 0.06875 0.1513888888888889
0 0.498828125 0.4618055555555556 0.039843750000000004 0.059722222222222225
0 0.739453125 0.80625 0.11640625 0.21805555555555556
0 0.76171875 0.5437500000000001 0.051562500000000004 0.07916666666666666
0 0.6890625 0.48888888888888893 0.034375 0.05277777777777778
0 0.654296875 0.44583333333333336 0.03359375 0.05277777777777778
0 0.58203125 0.45972222222222225 0.0328125 0.03333333333333333
0 0.571875 0.43125 0.021875000000000002 0.02361111111111111
0 0.532421875 0.4444444444444445 0.02734375 0.025
0 0.534765625 0.48125 0.025781250000000002 0.04583333333333334
0 0.284375 0.5833333333333334 0.059375000000000004 0.08611111111111111
0 0.25078125 0.8881944444444445 0.1421875 0.20694444444444446
0 0.337890625 0.45555555555555555 0.030468750000000003 0.061111111111111116
0 0.5476562500000001 0.4118055555555556 0.0203125 0.029166666666666667
0 0.52265625 0.4256944444444445 0.0234375 0.0375
0 0.4890625 0.43194444444444446 0.018750000000000003 0.030555555555555558
0 0.508203125 0.40347222222222223 0.01953125 0.029166666666666667
