0 0.64453125 0.7131944444444445 0.11875000000000001 0.20694444444444446
0 0.22968750000000002 0.4861111111111111 0.078125 0.11388888888888889
0 0.178515625 0.6895833333333333 0.16484375 0.23194444444444445
0 0.51953125 0.5645833333333333 0.0765625 0.13194444444444445
0 0.6078125000000001 0.47361111111111115 0.065625 0.15
0 0.71015625 0.4861111111111111 0.07500000000000001 0.11388888888888889
0 0.52890625 0.45833333333333337 0.0546875 0.08333333333333334
0 0.525 0.3784722222222222 0.037500000000000006 0.06527777777777778
0 0.63984375 0.3763888888888889 0.0421875 0.07222222222222223
0 0.571875 0.3597222222222222 0.045312500000000006 0.058333333333333334
0 0.523828125 0.30694444444444446 0.02734375 0.04722222222222222
0 0.593359375 0.30972222222222223 0.03828125 0.04722222222222222
1 0.78515625 0.3506944444444445 0.1203125 0.1486111111111111
0 0.562109375 0.3111111111111111 0.02890625 0.03888888888888889
0 0.35546875 0.5597222222222222 0.084375 0.1527777777777778
0 0.19257812500000002 0.9284722222222223 0.14609375 0.14027777777777778
0 0.339453125 0.3652777777777778 0.047656250000000004 0.06944444444444445
0 0.583203125 0.2777777777777778 0.025781250000000002 0.02777777777777778
0 0.548828125 0.2881944444444445 0.01953125 0.02361111111111111
0 0.529296875 0.2701388888888889 0.01640625 0.02638888888888889
0 0.543359375 0.2534722222222222 0.014843750000000001 0.02638888888888889
0 0.571484375 0.24027777777777778 0.01640625 0.02777777777777778
