0 0.5554687500000001 0.6208333333333333 0.053125000000000006 0.09444444444444444
0 0.8855468750000001 0.8701388888888889 0.18359375 0.2263888888888889
0 0.15625 0.9 0.178125 0.19722222222222224
0 0.38125000000000003 0.56875 0.05 0.07916666666666666
0 0.47968750000000004 0.51875 0.040625 0.07916666666666666
0 0.425390625 0.4729166666666667 0.03515625 0.051388888888888894
0 0.5265625 0.4756944444444445 0.028125 0.04861111111111111
0 0.52265625 0.42708333333333337 0.0234375 0.03194444444444445
0 0.484375 0.41875 0.021875000000000002 0.034722222222222224
0 0.459765625 0.38958333333333334 0.01953125 0.03194444444444445
0 0.48945312500000004 0.3861111111111111 0.014843750000000001 0.01388888888888889
