0 0.17578125 0.5194444444444445 0.10625000000000001 0.13333333333333333
0 0.3609375 0.38958333333333334 0.051562500000000004 0.09861111111111112
0 0.15156250000000002 0.8756944444444444 0.19843750000000002 0.24583333333333335
0 0.417578125 0.9034722222222222 0.13046875 0.1902777777777778
0 0.45039062500000004 0.36597222222222225 0.04609375 0.07916666666666666
0 0.60703125 0.43472222222222223 0.0703125 0.09444444444444444
0 0.396484375 0.2590277777777778 0.025781250000000002 0.04583333333333334
0 0.447265625 0.29097222222222224 0.032031250000000004 0.04583333333333334
0 0.36875 0.22361111111111112 0.0234375 0.030555555555555558
0 0.701171875 0.3201388888888889 0.055468750000000004 0.06805555555555556
0 0.7000000000000001 0.22847222222222224 0.035937500000000004 0.0375
0 0.459765625 0.23194444444444445 0.02109375 0.04166666666666667
0 0.9343750000000001 0.5416666666666667 0.1296875 0.15833333333333333
0 0.599609375 0.16875 0.02421875 0.043055555555555555
0 0.526953125 0.27708333333333335 0.04609375 0.09027777777777778
0 0.416796875 0.20902777777777778 0.022656250000000003 0.029166666666666667
0 0.42695312500000004 0.18055555555555555 0.013281250000000001 0.019444444444444445
0 0.45820312500000004 0.19652777777777777 0.01640625 0.034722222222222224
