0 0.094140625 0.7423611111111111 0.11171875 0.15416666666666667
0 0.553125 0.8368055555555556 0.08750000000000001 0.15694444444444444
0 0.5847656250000001 0.6597222222222222 0.057031250000000006 0.08333333333333334
0 0.671875 0.6534722222222222 0.053125000000000006 0.09305555555555556
0 0.58984375 0.525 0.037500000000000006 0.04722222222222222
0 0.512109375 0.5395833333333333 0.032031250000000004 0.04583333333333334
0 0.5359375000000001 0.4826388888888889 0.015625 0.0375
0 0.13007812500000002 0.9118055555555555 0.13515625 0.17083333333333334
0 0.259765625 0.925 0.12265625000000001 0.14722222222222223
0 0.303515625 0.7319444444444445 0.07265625 0.11944444444444445
0 0.553125 0.53125 0.025 0.04861111111111111
0 0.56484375 0.48958333333333337 0.015625 0.02361111111111111
0 0.511328125 0.4965277777777778 0.014843750000000001 0.02638888888888889
0 0.6125 0.48680555555555555 0.025 0.029166666666666667
