0 0.220703125 0.7201388888888889 0.16796875 0.3652777777777778
0 0.44179687500000003 0.3590277777777778 0.07109375 0.14027777777777778
0 0.230859375 0.2652777777777778 0.08515625 0.1
0 0.6507812500000001 0.2451388888888889 0.078125 0.10416666666666667
0 0.7250000000000001 0.12291666666666667 0.05625 0.0763888888888889
0 0.46210937500000004 0.13819444444444445 0.03515625 0.06805555555555556
0 0.3984375 0.11736111111111111 0.037500000000000006 0.06805555555555556
0 0.345703125 0.09930555555555556 0.03828125 0.07083333333333333
0 0.444140625 0.08055555555555556 0.02734375 0.04166666666666667
0 0.41250000000000003 0.03888888888888889 0.021875000000000002 0.03888888888888889
0 0.036328125 0.6326388888888889 0.07109375 0.26805555555555555
0 0.962890625 0.19861111111111113 0.06796875000000001 0.11388888888888889
0 0.671484375 0.019444444444444445 0.025781250000000002 0.02777777777777778
0 0.46914062500000003 0.043750000000000004 0.022656250000000003 0.029166666666666667
0 0.43515625 0.025 0.0171875 0.04166666666666667
0 0.8988281250000001 0.4791666666666667 0.19921875 0.24722222222222223
0 0.6292968750000001 0.10902777777777778 0.05859375 0.07361111111111111
