0 0.41054687500000003 0.7527777777777778 0.12890625 0.26666666666666666
0 0.34414062500000003 0.5347222222222222 0.07578125000000001 0.13333333333333333
0 0.26328125 0.49097222222222225 0.08125 0.13194444444444445
0 0.39765625000000004 0.3861111111111111 0.045312500000000006 0.08333333333333334
0 0.451953125 0.3791666666666667 0.04296875 0.061111111111111116
0 0.459765625 0.2916666666666667 0.02421875 0.04722222222222222
0 0.43515625 0.3159722222222222 0.028125 0.05694444444444444
0 0.43398437500000003 0.28194444444444444 0.014843750000000001 0.025
0 0.9652343750000001 0.5166666666666667 0.06796875000000001 0.13333333333333333
0 0.659375 0.3090277777777778 0.0328125 0.04027777777777778
0 0.609375 0.2659722222222222 0.035937500000000004 0.051388888888888894
0 0.408984375 0.26458333333333334 0.01171875 0.029166666666666667
0 0.43671875000000004 0.26319444444444445 0.0125 0.02638888888888889
0 0.460546875 0.26458333333333334 0.01640625 0.04027777777777778
