0 0.15156250000000002 0.7645833333333334 0.18906250000000002 0.40694444444444444
0 0.41171875 0.5 0.0765625 0.15555555555555556
0 0.69140625 0.37430555555555556 0.0765625 0.10416666666666667
0 0.784375 0.27569444444444446 0.0671875 0.051388888888888894
0 0.32890625 0.32916666666666666 0.051562500000000004 0.08055555555555556
0 0.267578125 0.28402777777777777 0.05234375 0.07083333333333333
0 0.43046875 0.2972222222222222 0.040625 0.07777777777777778
0 0.373046875 0.20347222222222222 0.02890625 0.05416666666666667
0 0.634375 0.25625000000000003 0.043750000000000004 0.059722222222222225
0 0.401953125 0.16319444444444445 0.01953125 0.02638888888888889
0 0.644140625 0.5861111111111111 0.12421875 0.19444444444444445
0 0.921875 0.5895833333333333 0.15000000000000002 0.2569444444444445
0 0.6410156250000001 0.17569444444444446 0.02890625 0.04027777777777778
0 0.55078125 0.32222222222222224 0.0546875 0.11111111111111112
0 0.57578125 0.14097222222222222 0.026562500000000003 0.04861111111111111
0 0.43085937500000004 0.21180555555555555 0.03359375 0.05416666666666667
0 0.43046875 0.1701388888888889 0.0140625 0.015277777777777779
0 0.43984375000000003 0.13125 0.0125 0.018055555555555557
0 0.38320312500000003 0.12013888888888889 0.01640625 0.029166666666666667
