0 0.533203125 0.7847222222222222 0.11015625000000001 0.18333333333333335
0 0.11601562500000001 0.7854166666666667 0.12890625 0.19305555555555556
0 0.388671875 0.6430555555555556 0.05859375 0.11388888888888889
0 0.519140625 0.5319444444444444 0.04609375 0.09722222222222222
0 0.455859375 0.53125 0.05078125 0.07361111111111111
0 0.404296875 0.48958333333333337 0.041406250000000006 0.059722222222222225
0 0.48164062500000004 0.4361111111111111 0.02890625 0.03888888888888889
0 0.444140625 0.44027777777777777 0.025781250000000002 0.05
0 0.40742187500000004 0.4340277777777778 0.02421875 0.04861111111111111
0 0.46210937500000004 0.3944444444444445 0.025781250000000002 0.044444444444444446
0 0.26796875000000003 0.5555555555555556 0.05 0.08333333333333334
0 0.33671875 0.4395833333333333 0.0328125 0.043055555555555555
0 0.30312500000000003 0.48888888888888893 0.0328125 0.04722222222222222
0 0.412109375 0.38680555555555557 0.017968750000000002 0.02361111111111111
0 0.43203125000000003 0.3854166666666667 0.0125 0.02361111111111111
0 0.515234375 0.40069444444444446 0.017968750000000002 0.0375
