0 0.425390625 0.4 0.07734375 0.19722222222222224
0 0.33515625000000004 0.2604166666666667 0.059375000000000004 0.10972222222222222
0 0.61484375 0.3201388888888889 0.08125 0.09861111111111112
0 0.382421875 0.1375 0.039843750000000004 0.04722222222222222
0 0.6355468750000001 0.1951388888888889 0.06484375 0.08194444444444444
1 0.94296875 0.19236111111111112 0.1078125 0.22083333333333335
0 0.037500000000000006 0.6333333333333333 0.0734375 0.18055555555555555
0 0.42109375000000004 0.010416666666666668 0.015625 0.020833333333333336
0 0.389453125 0.08541666666666667 0.030468750000000003 0.04583333333333334
0 0.42500000000000004 0.09444444444444444 0.035937500000000004 0.061111111111111116
0 0.44453125000000004 0.06666666666666667 0.021875000000000002 0.04166666666666667
0 0.44179687500000003 0.02638888888888889 0.01640625 0.025
0 0.41171875 0.03819444444444445 0.021875000000000002 0.034722222222222224
0 0.6515625 0.11597222222222223 0.0578125 0.07083333333333333
0 0.601171875 0.07291666666666667 0.030468750000000003 0.04027777777777778
0 0.103515625 0.8770833333333333 0.20703125 0.24305555555555555
