0 0.138671875 0.8034722222222223 0.14453125 0.2152777777777778
0 0.5808593750000001 0.625 0.07734375 0.09722222222222222
0 0.24531250000000002 0.5361111111111111 0.053125000000000006 0.08611111111111111
0 0.30000000000000004 0.48888888888888893 0.043750000000000004 0.08333333333333334
0 0.500390625 0.5506944444444445 0.05390625 0.09305555555555556
0 0.570703125 0.5305555555555556 0.057031250000000006 0.08333333333333334
0 0.6625000000000001 0.5638888888888889 0.06406250000000001 0.09444444444444444
0 0.6062500000000001 0.4618055555555556 0.043750000000000004 0.0625
0 0.486328125 0.46944444444444444 0.030468750000000003 0.05277777777777778
0 0.5417968750000001 0.46597222222222223 0.03828125 0.0625
0 0.548046875 0.3923611111111111 0.022656250000000003 0.03194444444444445
0 0.516015625 0.3875 0.02421875 0.044444444444444446
0 0.28750000000000003 0.6145833333333334 0.0578125 0.12638888888888888
0 0.7328125000000001 0.4861111111111111 0.05 0.06944444444444445
0 0.7171875000000001 0.9319444444444445 0.0859375 0.13333333333333333
0 0.49726562500000004 0.4215277777777778 0.025781250000000002 0.02638888888888889
0 0.5625 0.425 0.03125 0.04166666666666667
0 0.52890625 0.36388888888888893 0.021875000000000002 0.019444444444444445
