1 0.19492187500000002 0.5826388888888889 0.35078125000000004 0.7208333333333333
0 0.45859375 0.7895833333333334 0.16875 0.41805555555555557
0 0.5808593750000001 0.34444444444444444 0.07421875 0.15833333333333333
0 0.41875 0.21597222222222223 0.0546875 0.09861111111111112
0 0.498828125 0.18055555555555555 0.041406250000000006 0.07777777777777778
0 0.5417968750000001 0.13472222222222222 0.03828125 0.06944444444444445
0 0.45078125 0.11597222222222223 0.03125 0.04583333333333334
0 0.5015625 0.09861111111111112 0.0328125 0.05
0 0.80234375 0.38958333333333334 0.12812500000000002 0.16805555555555557
0 0.883984375 0.23680555555555557 0.09921875000000001 0.1125
0 0.7449218750000001 0.1902777777777778 0.06640625 0.08611111111111111
0 0.64453125 0.16319444444444445 0.043750000000000004 0.07361111111111111
0 0.598046875 0.08680555555555555 0.025781250000000002 0.06527777777777778
0 0.5300781250000001 0.06944444444444445 0.022656250000000003 0.0638888888888889
0 0.46875 0.07916666666666666 0.025 0.04722222222222222
0 0.501171875 0.06041666666666667 0.014843750000000001 0.0375
0 0.48164062500000004 0.02847222222222222 0.014843750000000001 0.029166666666666667
0 0.505859375 0.025 0.013281250000000001 0.030555555555555558
