0 0.23554687500000002 0.5180555555555556 0.14140625 0.26944444444444443
0 0.708984375 0.8368055555555556 0.19453125000000002 0.30694444444444446
0 0.48203125 0.3013888888888889 0.060937500000000006 0.12222222222222223
0 0.5652343750000001 0.24722222222222223 0.06015625 0.10555555555555556
0 0.887890625 0.4902777777777778 0.16015625 0.17222222222222222
0 0.938671875 0.37569444444444444 0.12109375 0.14305555555555557
0 0.384375 0.2576388888888889 0.051562500000000004 0.09027777777777778
0 0.425390625 0.1451388888888889 0.032031250000000004 0.051388888888888894
0 0.683203125 0.17847222222222223 0.05078125 0.07361111111111111
0 0.482421875 0.06666666666666667 0.022656250000000003 0.03333333333333333
0 0.41835937500000003 0.8694444444444445 0.17890625000000002 0.25833333333333336
0 0.529296875 0.06458333333333334 0.02734375 0.04583333333333334
0 0.619140625 0.09583333333333334 0.041406250000000006 0.061111111111111116
0 0.45625000000000004 0.06944444444444445 0.018750000000000003 0.044444444444444446
