0 0.359375 0.4590277777777778 0.09062500000000001 0.20972222222222223
0 0.34453125 0.2534722222222222 0.0625 0.10972222222222222
0 0.30546875 0.1451388888888889 0.05 0.07083333333333333
0 0.6878906250000001 0.2013888888888889 0.057031250000000006 0.08333333333333334
0 0.45390625 0.13958333333333334 0.040625 0.09861111111111112
0 0.3984375 0.0951388888888889 0.0328125 0.04861111111111111
0 0.712890625 0.14166666666666666 0.05859375 0.06666666666666667
0 0.86484375 0.26875 0.1328125 0.1375
0 0.41796875 0.04652777777777778 0.025 0.04027777777777778
0 0.44960937500000003 0.022222222222222223 0.022656250000000003 0.044444444444444446
0 0.424609375 0.01388888888888889 0.022656250000000003 0.02777777777777778
