0 0.425390625 0.7729166666666667 0.11015625000000001 0.28194444444444444
0 0.234765625 0.78125 0.14140625 0.28750000000000003
0 0.630078125 0.5076388888888889 0.08359375000000001 0.1125
0 0.35781250000000003 0.43194444444444446 0.0578125 0.09444444444444444
0 0.43398437500000003 0.4548611111111111 0.055468750000000004 0.10972222222222222
0 0.8984375 0.38333333333333336 0.1 0.08055555555555556
0 0.6628906250000001 0.34097222222222223 0.05390625 0.06805555555555556
0 0.39375000000000004 0.29375 0.0328125 0.05694444444444444
0 0.6687500000000001 0.24097222222222223 0.028125 0.03194444444444445
0 0.385546875 0.23472222222222222 0.017968750000000002 0.02777777777777778
0 0.43671875000000004 0.36041666666666666 0.043750000000000004 0.06805555555555556
0 0.9378906250000001 0.7861111111111111 0.12265625000000001 0.25
0 0.597265625 0.2555555555555556 0.047656250000000004 0.07222222222222223
0 0.6175781250000001 0.20694444444444446 0.022656250000000003 0.04166666666666667
0 0.4453125 0.2659722222222222 0.025 0.04027777777777778
0 0.40742187500000004 0.24583333333333335 0.01953125 0.02777777777777778
0 0.421875 0.2111111111111111 0.0171875 0.02777777777777778
0 0.45234375000000004 0.21875 0.0234375 0.020833333333333336
