0 0.47578125000000004 0.5527777777777778 0.059375000000000004 0.11388888888888889
0 0.42265625 0.44583333333333336 0.034375 0.061111111111111116
0 0.474609375 0.4375 0.03515625 0.06666666666666667
0 0.375 0.4444444444444445 0.035937500000000004 0.06666666666666667
0 0.38828125 0.6652777777777779 0.0734375 0.14166666666666666
0 0.448046875 0.38958333333333334 0.025781250000000002 0.05694444444444444
0 0.401171875 0.38819444444444445 0.02109375 0.04583333333333334
0 0.05625 0.5652777777777778 0.0625 0.1
0 0.14765625000000002 0.4826388888888889 0.05 0.07361111111111111
0 0.146875 0.5708333333333333 0.06875 0.09444444444444444
0 0.517578125 0.7263888888888889 0.08984375 0.15
0 0.7859375000000001 0.9395833333333333 0.10312500000000001 0.11805555555555557
0 0.209375 0.4215277777777778 0.043750000000000004 0.04583333333333334
0 0.37148437500000003 0.3840277777777778 0.022656250000000003 0.029166666666666667
0 0.54609375 0.4118055555555556 0.025 0.034722222222222224
0 0.49726562500000004 0.37083333333333335 0.02109375 0.02777777777777778
0 0.41445312500000003 0.35347222222222224 0.01640625 0.02361111111111111
0 0.38828125 0.3472222222222222 0.018750000000000003 0.036111111111111115
