0 0.459765625 0.6333333333333333 0.11953125 0.2972222222222222
0 0.6078125000000001 0.45625000000000004 0.09531250000000001 0.22361111111111112
0 0.31093750000000003 0.4569444444444445 0.09843750000000001 0.17500000000000002
0 0.39921875 0.22361111111111112 0.046875 0.09166666666666667
0 0.476171875 0.10208333333333333 0.022656250000000003 0.043055555555555555
0 0.44453125000000004 0.09166666666666667 0.0203125 0.044444444444444446
0 0.72578125 0.2625 0.065625 0.08333333333333334
0 0.537109375 0.09375 0.02734375 0.04027777777777778
0 0.8074218750000001 0.24722222222222223 0.08359375000000001 0.11666666666666667
0 0.637890625 0.12847222222222224 0.055468750000000004 0.09027777777777778
0 0.7328125000000001 0.12013888888888889 0.0765625 0.09305555555555556
0 0.53125 0.04861111111111111 0.025 0.02777777777777778
0 0.589453125 0.06041666666666667 0.03671875 0.059722222222222225
