0 0.46328125000000003 0.7486111111111111 0.17500000000000002 0.4083333333333333
0 0.460546875 0.31875000000000003 0.09140625000000001 0.15972222222222224
0 0.376953125 0.22083333333333335 0.06796875000000001 0.1277777777777778
0 0.455859375 0.15833333333333333 0.05390625 0.09166666666666667
0 0.4140625 0.10347222222222223 0.0421875 0.07916666666666666
0 0.35195312500000003 0.10694444444444445 0.03828125 0.07777777777777778
0 0.43828125 0.03263888888888889 0.0234375 0.04861111111111111
0 0.478515625 0.010416666666666668 0.022656250000000003 0.020833333333333336
0 0.13593750000000002 0.8451388888888889 0.22968750000000002 0.2902777777777778
0 0.9078125 0.17430555555555557 0.1015625 0.10694444444444445
0 0.9007812500000001 0.45555555555555555 0.1171875 0.17777777777777778
0 0.69296875 0.39375 0.1171875 0.15972222222222224
0 0.6507812500000001 0.23819444444444446 0.07968750000000001 0.09861111111111112
0 0.6667968750000001 0.1423611111111111 0.055468750000000004 0.07361111111111111
0 0.685546875 0.021527777777777778 0.05234375 0.043055555555555555
