0 0.6296875000000001 0.6465277777777778 0.115625 0.19583333333333333
0 0.7359375 0.5173611111111112 0.10312500000000001 0.1513888888888889
0 0.562109375 0.38819444444444445 0.05859375 0.08194444444444444
0 0.49843750000000003 0.3701388888888889 0.045312500000000006 0.0763888888888889
0 0.60703125 0.3076388888888889 0.0421875 0.059722222222222225
0 0.550390625 0.3138888888888889 0.04453125 0.07777777777777778
0 0.1328125 0.5166666666666667 0.115625 0.14722222222222223
0 0.555078125 0.23472222222222222 0.02421875 0.04166666666666667
0 0.50390625 0.23958333333333334 0.025 0.034722222222222224
0 0.483203125 0.8618055555555556 0.13359375 0.27361111111111114
0 0.276953125 0.4479166666666667 0.06328125 0.11805555555555557
0 0.37148437500000003 0.45763888888888893 0.05234375 0.14027777777777778
0 0.509375 0.3236111111111111 0.040625 0.04722222222222222
0 0.505859375 0.2847222222222222 0.032031250000000004 0.036111111111111115
0 0.5378906250000001 0.25833333333333336 0.02421875 0.05
0 0.52578125 0.22430555555555556 0.018750000000000003 0.034722222222222224
0 0.712109375 0.27083333333333337 0.10078125 0.10555555555555556
0 0.576171875 0.26875 0.02890625 0.03194444444444445
0 0.50546875 0.19375 0.009375000000000001 0.02361111111111111
