0 0.35703125 0.3548611111111111 0.078125 0.14583333333333334
0 0.45039062500000004 0.30208333333333337 0.07265625 0.1625
0 0.40859375000000003 0.17291666666666666 0.0484375 0.09305555555555556
0 0.47695312500000003 0.1326388888888889 0.039843750000000004 0.0763888888888889
0 0.48085937500000003 0.05347222222222223 0.025781250000000002 0.051388888888888894
0 0.2328125 0.7972222222222223 0.2 0.3888888888888889
0 0.43593750000000003 0.043750000000000004 0.0234375 0.04027777777777778
0 0.479296875 0.21875 0.05078125 0.09027777777777778
0 0.7585937500000001 0.07777777777777778 0.09375 0.11388888888888889
0 0.6843750000000001 0.12916666666666668 0.035937500000000004 0.061111111111111116
0 0.5925781250000001 0.20972222222222223 0.04296875 0.09444444444444444
0 0.6507812500000001 0.17291666666666666 0.046875 0.08194444444444444
0 0.458984375 0.02291666666666667 0.013281250000000001 0.02361111111111111
0 0.483984375 0.010416666666666668 0.01171875 0.018055555555555557
