0 0.30117187500000003 0.6375000000000001 0.09296875 0.17222222222222222
0 0.45742187500000003 0.625 0.07421875 0.14444444444444446
0 0.896484375 0.7847222222222222 0.19140625 0.21944444444444444
0 0.455859375 0.4666666666666667 0.05078125 0.08333333333333334
0 0.52890625 0.44027777777777777 0.046875 0.07222222222222223
0 0.3875 0.40555555555555556 0.040625 0.05555555555555556
0 0.46640625 0.3340277777777778 0.0234375 0.034722222222222224
0 0.51171875 0.3548611111111111 0.03125 0.04583333333333334
0 0.42695312500000004 0.31527777777777777 0.022656250000000003 0.025
0 0.58515625 0.36041666666666666 0.029687500000000002 0.043055555555555555
0 0.775 0.5048611111111111 0.07968750000000001 0.08472222222222223
0 0.46992187500000004 0.28750000000000003 0.013281250000000001 0.02777777777777778
0 0.851171875 0.4756944444444445 0.08203125 0.10138888888888889
0 0.9207031250000001 0.38680555555555557 0.15546875000000002 0.1486111111111111
0 0.62109375 0.33333333333333337 0.040625 0.05555555555555556
