0 0.30507812500000003 0.6930555555555555 0.09296875 0.16944444444444445
0 0.48867187500000003 0.5833333333333334 0.05390625 0.10277777777777779
0 0.7859375000000001 0.6645833333333333 0.1125 0.13194444444444445
0 0.46640625 0.4305555555555556 0.03125 0.05
0 0.505859375 0.3826388888888889 0.02109375 0.034722222222222224
0 0.46718750000000003 0.375 0.0171875 0.03333333333333333
0 0.805859375 0.5416666666666667 0.09140625000000001 0.08888888888888889
0 0.6546875000000001 0.4743055555555556 0.0484375 0.051388888888888894
0 0.43867187500000004 0.3402777777777778 0.014843750000000001 0.019444444444444445
0 0.58515625 0.38819444444444445 0.043750000000000004 0.06805555555555556
0 0.6203125 0.3888888888888889 0.0234375 0.0638888888888889
