0 0.428515625 0.5069444444444444 0.05390625 0.10555555555555556
0 0.3765625 0.41944444444444445 0.0421875 0.058333333333333334
0 0.31757812500000004 0.39513888888888893 0.04609375 0.059722222222222225
0 0.40351562500000004 0.3402777777777778 0.02421875 0.03888888888888889
0 0.44179687500000003 0.3423611111111111 0.022656250000000003 0.0375
0 0.6882812500000001 0.34861111111111115 0.034375 0.04166666666666667
0 0.047656250000000004 0.7916666666666667 0.09375 0.28611111111111115
0 0.701171875 0.7979166666666667 0.15390625000000002 0.22361111111111112
1 0.6140625000000001 0.2923611111111111 0.0390625 0.06527777777777778
0 0.586328125 0.35625 0.05078125 0.05694444444444444
0 0.436328125 0.2986111111111111 0.017968750000000002 0.036111111111111115
0 0.408203125 0.2701388888888889 0.01015625 0.03194444444444445
0 0.44921875 0.27847222222222223 0.010937500000000001 0.03194444444444445
