0 0.591796875 0.7652777777777778 0.11640625 0.2611111111111111
0 0.44453125000000004 0.5236111111111111 0.05625 0.10833333333333334
0 0.5109375 0.44375000000000003 0.043750000000000004 0.0763888888888889
0 0.67109375 0.48333333333333334 0.065625 0.08055555555555556
0 0.9234375 0.5409722222222222 0.1375 0.11527777777777778
0 0.375 0.37083333333333335 0.034375 0.04722222222222222
0 0.498046875 0.33819444444444446 0.02890625 0.05416666666666667
0 0.58203125 0.35833333333333334 0.029687500000000002 0.03888888888888889
0 0.4546875 0.33055555555555555 0.026562500000000003 0.036111111111111115
0 0.408203125 0.31527777777777777 0.02421875 0.03888888888888889
0 0.41914062500000004 0.2833333333333333 0.01640625 0.030555555555555558
0 0.48164062500000004 0.27847222222222223 0.02421875 0.029166666666666667
0 0.9363281250000001 0.6979166666666667 0.12578125 0.17083333333333334
0 0.07890625000000001 0.9416666666666667 0.15156250000000002 0.11388888888888889
0 0.7406250000000001 0.44583333333333336 0.06875 0.1
0 0.73828125 0.2923611111111111 0.125 0.12638888888888888
