0 0.25234375000000003 0.6354166666666667 0.18906250000000002 0.33472222222222225
0 0.392578125 0.20694444444444446 0.057031250000000006 0.10277777777777779
0 0.48203125 0.13125 0.0390625 0.08194444444444444
0 0.44648437500000004 0.05555555555555556 0.03359375 0.05277777777777778
0 0.480078125 0.044444444444444446 0.025781250000000002 0.05
0 0.705078125 0.4375 0.11015625000000001 0.11666666666666667
0 0.798046875 0.32430555555555557 0.10546875 0.1375
0 0.8812500000000001 0.3027777777777778 0.11406250000000001 0.15
0 0.7000000000000001 0.2076388888888889 0.07500000000000001 0.12083333333333333
0 0.663671875 0.022222222222222223 0.02421875 0.03888888888888889
0 0.40390625 0.0375 0.0421875 0.0638888888888889
0 0.46796875000000004 0.09027777777777778 0.021875000000000002 0.036111111111111115
