0 0.26953125 0.6083333333333334 0.15937500000000002 0.3111111111111111
0 0.45820312500000004 0.425 0.09140625000000001 0.19444444444444445
0 0.286328125 0.25833333333333336 0.06953125 0.11666666666666667
0 0.377734375 0.24930555555555556 0.055468750000000004 0.11527777777777778
0 0.46484375 0.24583333333333335 0.05625 0.09166666666666667
0 0.751953125 0.2826388888888889 0.09296875 0.14583333333333334
0 0.41445312500000003 0.16458333333333333 0.03359375 0.07083333333333333
0 0.46796875000000004 0.08333333333333334 0.0203125 0.04722222222222222
0 0.43476562500000004 0.08958333333333333 0.03359375 0.051388888888888894
0 0.46171875 0.1840277777777778 0.043750000000000004 0.05416666666666667
0 0.4734375 0.14375000000000002 0.035937500000000004 0.0375
0 0.41640625000000003 0.11458333333333334 0.0234375 0.034722222222222224
0 0.44648437500000004 0.04236111111111111 0.01640625 0.018055555555555557
0 0.663671875 0.1423611111111111 0.02890625 0.051388888888888894
0 0.6019531250000001 0.2576388888888889 0.05078125 0.07361111111111111
0 0.6453125000000001 0.06180555555555556 0.0328125 0.029166666666666667
0 0.7609375 0.13333333333333333 0.060937500000000006 0.07222222222222223
