0 0.41953125 0.701388888888889 0.12812500000000002 0.3388888888888889
0 0.263671875 0.5611111111111111 0.12890625 0.2611111111111111
0 0.39375000000000004 0.275 0.0546875 0.11111111111111112
0 0.6843750000000001 0.36875 0.1 0.1375
0 0.812109375 0.25 0.10234375000000001 0.08333333333333334
0 0.60546875 0.22569444444444445 0.06406250000000001 0.0763888888888889
0 0.374609375 0.16527777777777777 0.047656250000000004 0.06944444444444445
0 0.34921875 0.09375 0.034375 0.043055555555555555
0 0.45859375 0.10208333333333333 0.0328125 0.06527777777777778
0 0.4109375 0.07430555555555556 0.025 0.04861111111111111
0 0.423828125 0.03958333333333333 0.017968750000000002 0.03194444444444445
0 0.45429687500000004 0.021527777777777778 0.02421875 0.03194444444444445
0 0.43046875 0.015277777777777779 0.0171875 0.025
