0 0.453125 0.8388888888888889 0.18906250000000002 0.3194444444444445
0 0.5867187500000001 0.3652777777777778 0.0671875 0.1277777777777778
0 0.7820312500000001 0.3590277777777778 0.10625000000000001 0.12083333333333333
0 0.409765625 0.22013888888888888 0.04296875 0.08472222222222223
0 0.5 0.18819444444444444 0.035937500000000004 0.05694444444444444
0 0.5398437500000001 0.13541666666666669 0.03125 0.043055555555555555
0 0.451953125 0.125 0.02734375 0.04166666666666667
0 0.50390625 0.10069444444444445 0.021875000000000002 0.03194444444444445
0 0.640234375 0.15694444444444444 0.03828125 0.04722222222222222
0 0.464453125 0.08472222222222223 0.017968750000000002 0.02777777777777778
1 0.18828125 0.6090277777777778 0.3671875 0.7513888888888889
0 0.8601562500000001 0.21875 0.09531250000000001 0.10694444444444445
0 0.734375 0.18611111111111112 0.0734375 0.10277777777777779
0 0.5359375000000001 0.08194444444444444 0.028125 0.036111111111111115
0 0.5906250000000001 0.08611111111111111 0.040625 0.0638888888888889
0 0.630859375 0.04930555555555556 0.03671875 0.06805555555555556
