0 0.309375 0.45069444444444445 0.0890625 0.14583333333333334
0 0.45390625 0.44236111111111115 0.0671875 0.14305555555555557
0 0.559765625 0.3375 0.057031250000000006 0.09444444444444444
0 0.8074218750000001 0.4625 0.12578125 0.13333333333333333
0 0.54296875 0.22847222222222224 0.0421875 0.0625
0 0.480078125 0.20972222222222223 0.03515625 0.058333333333333334
0 0.44140625 0.16736111111111113 0.026562500000000003 0.034722222222222224
0 0.8558593750000001 0.17222222222222222 0.06015625 0.05555555555555556
0 0.4890625 0.14791666666666667 0.0203125 0.0375
0 0.460546875 0.125 0.02734375 0.04166666666666667
0 0.9730468750000001 0.24791666666666667 0.05078125 0.09305555555555556
0 0.95234375 0.36944444444444446 0.09375 0.1527777777777778
0 0.528515625 0.15763888888888888 0.030468750000000003 0.04861111111111111
