0 0.1796875 0.32430555555555557 0.11406250000000001 0.18472222222222223
0 0.432421875 0.44930555555555557 0.11328125 0.24861111111111112
0 0.328125 0.09027777777777778 0.0578125 0.11944444444444445
0 0.38593750000000004 0.11458333333333334 0.05625 0.08750000000000001
0 0.45703125 0.14097222222222222 0.0546875 0.10972222222222222
0 0.441015625 0.0625 0.039843750000000004 0.075
0 0.688671875 0.05347222222222223 0.05234375 0.09583333333333334
0 0.148046875 0.8666666666666667 0.29140625000000003 0.2638888888888889
0 0.403125 0.021527777777777778 0.037500000000000006 0.043055555555555555
0 0.46484375 0.025 0.03125 0.05
0 0.915625 0.12152777777777778 0.09062500000000001 0.12916666666666668
0 0.9109375000000001 0.6729166666666667 0.1640625 0.3402777777777778
