0 0.45429687500000004 0.45763888888888893 0.13203125000000002 0.23750000000000002
0 0.46914062500000003 0.20069444444444445 0.03828125 0.09027777777777778
0 0.40546875000000004 0.19305555555555556 0.05 0.07777777777777778
0 0.3359375 0.19305555555555556 0.051562500000000004 0.1
0 0.41132812500000004 0.06805555555555556 0.025781250000000002 0.05277777777777778
0 0.7375 0.21458333333333335 0.0859375 0.1125
0 0.47187500000000004 0.08263888888888889 0.028125 0.051388888888888894
0 0.14960937500000002 0.9180555555555556 0.24609375 0.16111111111111112
0 0.683203125 0.4604166666666667 0.10546875 0.13194444444444445
0 0.8375 0.43194444444444446 0.11093750000000001 0.17500000000000002
0 0.437109375 0.1423611111111111 0.032031250000000004 0.051388888888888894
0 0.444921875 0.07152777777777779 0.022656250000000003 0.034722222222222224
0 0.474609375 0.05 0.01953125 0.030555555555555558
