0 0.434375 0.6159722222222223 0.08750000000000001 0.20694444444444446
0 0.35625 0.3965277777777778 0.05 0.10972222222222222
0 0.45078125 0.3354166666666667 0.0328125 0.0625
0 0.658203125 0.3652777777777778 0.04453125 0.075
0 0.7296875 0.27083333333333337 0.045312500000000006 0.04166666666666667
0 0.39101562500000003 0.29930555555555555 0.030468750000000003 0.043055555555555555
0 0.35664062500000004 0.27222222222222225 0.022656250000000003 0.03333333333333333
0 0.18515625000000002 0.8868055555555556 0.184375 0.22361111111111112
0 0.413671875 0.23819444444444446 0.01953125 0.02361111111111111
0 0.775 0.8840277777777779 0.23750000000000002 0.22361111111111112
0 0.6195312500000001 0.2111111111111111 0.0328125 0.05555555555555556
0 0.44960937500000003 0.2743055555555556 0.030468750000000003 0.0375
0 0.45039062500000004 0.24027777777777778 0.025781250000000002 0.022222222222222223
0 0.45546875000000003 0.1951388888888889 0.0125 0.018055555555555557
0 0.42617187500000003 0.2076388888888889 0.01171875 0.02638888888888889
0 0.890234375 0.5222222222222223 0.13828125 0.13611111111111113
0 0.770703125 0.5784722222222223 0.09921875000000001 0.12916666666666668
0 0.41171875 0.18541666666666667 0.0140625 0.015277777777777779
