0 0.23945312500000002 0.7298611111111112 0.12734375 0.2652777777777778
0 0.169921875 0.5256944444444445 0.11328125 0.1513888888888889
0 0.452734375 0.5034722222222222 0.06328125 0.13194444444444445
0 0.38203125000000004 0.3159722222222222 0.040625 0.05694444444444444
0 0.44648437500000004 0.30833333333333335 0.03359375 0.05555555555555556
0 0.6953125 0.42430555555555555 0.0890625 0.09861111111111112
0 0.69453125 0.33611111111111114 0.06406250000000001 0.058333333333333334
0 0.844921875 0.32569444444444445 0.08203125 0.06527777777777778
0 0.403125 0.2604166666666667 0.029687500000000002 0.051388888888888894
0 0.7039062500000001 0.24375000000000002 0.043750000000000004 0.04027777777777778
0 0.64609375 0.2763888888888889 0.034375 0.03888888888888889
0 0.8113281250000001 0.8590277777777778 0.13046875 0.2791666666666667
0 0.596875 0.22916666666666669 0.0328125 0.058333333333333334
0 0.447265625 0.25833333333333336 0.02890625 0.03888888888888889
0 0.436328125 0.22777777777777777 0.02421875 0.02777777777777778
0 0.41640625000000003 0.2138888888888889 0.018750000000000003 0.030555555555555558
0 0.40664062500000003 0.17222222222222222 0.014843750000000001 0.030555555555555558
0 0.45078125 0.19652777777777777 0.018750000000000003 0.020833333333333336
0 0.587109375 0.37083333333333335 0.07578125000000001 0.11666666666666667
