0 0.151171875 0.5875 0.11640625 0.14722222222222223
0 0.3296875 0.5256944444444445 0.0734375 0.14027777777777778
0 0.298046875 0.36041666666666666 0.04296875 0.07361111111111111
0 0.43828125 0.3875 0.046875 0.10555555555555556
0 0.607421875 0.4861111111111111 0.08203125 0.10555555555555556
0 0.712890625 0.42430555555555555 0.06796875000000001 0.08194444444444444
0 0.361328125 0.26805555555555555 0.02421875 0.036111111111111115
0 0.41132812500000004 0.2555555555555556 0.02421875 0.03333333333333333
0 0.444140625 0.29375 0.030468750000000003 0.043055555555555555
0 0.6765625000000001 0.24722222222222223 0.037500000000000006 0.044444444444444446
0 0.37539062500000003 0.3611111111111111 0.04453125 0.1
0 0.386328125 0.2972222222222222 0.02890625 0.02777777777777778
0 0.45078125 0.24861111111111112 0.026562500000000003 0.02777777777777778
0 0.42031250000000003 0.22083333333333335 0.010937500000000001 0.022222222222222223
0 0.39882812500000003 0.19930555555555557 0.01640625 0.03194444444444445
0 0.453125 0.20972222222222223 0.015625 0.030555555555555558
0 0.616796875 0.2215277777777778 0.022656250000000003 0.043055555555555555
0 0.8871093750000001 0.7354166666666667 0.21171875 0.32916666666666666
