0 0.64375 0.5506944444444445 0.11406250000000001 0.23194444444444445
0 0.48945312500000004 0.2986111111111111 0.055468750000000004 0.11388888888888889
0 0.7894531250000001 0.33958333333333335 0.11328125 0.11805555555555557
0 0.828125 0.25972222222222224 0.09062500000000001 0.1
0 0.8855468750000001 0.1 0.055468750000000004 0.07777777777777778
0 0.550390625 0.1736111111111111 0.04453125 0.06944444444444445
0 0.441015625 0.08194444444444444 0.02109375 0.04722222222222222
0 0.491015625 0.09791666666666667 0.02890625 0.043055555555555555
0 0.53828125 0.10208333333333333 0.026562500000000003 0.04583333333333334
0 0.41132812500000004 0.9083333333333333 0.16328125000000002 0.17500000000000002
0 0.968359375 0.2986111111111111 0.055468750000000004 0.13055555555555556
0 0.6449218750000001 0.07986111111111112 0.041406250000000006 0.051388888888888894
0 0.601171875 0.06597222222222222 0.02421875 0.04861111111111111
0 0.527734375 0.052083333333333336 0.017968750000000002 0.043055555555555555
