0 0.525390625 0.5555555555555556 0.09765625 0.2
0 0.6644531250000001 0.5638888888888889 0.12421875 0.21944444444444444
0 0.23359375000000002 0.4590277777777778 0.1015625 0.17916666666666667
0 0.513671875 0.20347222222222222 0.03359375 0.06527777777777778
0 0.560546875 0.18194444444444446 0.03515625 0.05555555555555556
0 0.607421875 0.17847222222222223 0.04296875 0.0625
0 0.53828125 0.11319444444444444 0.018750000000000003 0.02638888888888889
0 0.6046875 0.8673611111111111 0.18281250000000002 0.14027777777777778
0 0.524609375 0.14930555555555555 0.01953125 0.03194444444444445
0 0.663671875 0.1513888888888889 0.03671875 0.036111111111111115
0 0.6667968750000001 0.1076388888888889 0.04609375 0.04861111111111111
0 0.5867187500000001 0.13055555555555556 0.025 0.03333333333333333
0 0.566015625 0.11736111111111111 0.017968750000000002 0.02361111111111111
0 0.54921875 0.1388888888888889 0.018750000000000003 0.030555555555555558
0 0.516015625 0.09791666666666667 0.013281250000000001 0.03194444444444445
0 0.326171875 0.28125 0.049218750000000006 0.0763888888888889
