0 0.54453125 0.35347222222222224 0.08281250000000001 0.14305555555555557
0 0.38984375000000004 0.8104166666666667 0.178125 0.3597222222222222
0 0.458984375 0.1951388888888889 0.04453125 0.08750000000000001
0 0.5046875000000001 0.17083333333333334 0.0390625 0.075
0 0.42304687500000004 0.09097222222222223 0.02734375 0.05694444444444444
0 0.48359375000000004 0.09444444444444444 0.028125 0.05
0 0.6648437500000001 0.8069444444444445 0.2015625 0.38333333333333336
0 0.7390625000000001 0.3923611111111111 0.1046875 0.17083333333333334
0 0.827734375 0.33819444444444446 0.11015625000000001 0.14027777777777778
0 0.8757812500000001 0.15972222222222224 0.0671875 0.07777777777777778
0 0.7113281250000001 0.2125 0.08046875 0.07777777777777778
0 0.7046875 0.13333333333333333 0.043750000000000004 0.05555555555555556
0 0.5847656250000001 0.14652777777777778 0.03515625 0.043055555555555555
0 0.45742187500000003 0.06319444444444444 0.014843750000000001 0.02638888888888889
0 0.43828125 0.05277777777777778 0.0140625 0.03888888888888889
0 0.5535156250000001 0.10486111111111111 0.02421875 0.02361111111111111
