0 0.209765625 0.37569444444444444 0.09140625000000001 0.12361111111111112
0 0.234765625 0.6715277777777778 0.16640625 0.25972222222222224
0 0.6644531250000001 0.56875 0.12421875 0.2263888888888889
0 0.567578125 0.3215277777777778 0.055468750000000004 0.09027777777777778
0 0.6355468750000001 0.24930555555555556 0.04609375 0.08472222222222223
0 0.51328125 0.2076388888888889 0.0421875 0.0625
0 0.55390625 0.18541666666666667 0.03125 0.043055555555555555
0 0.515234375 0.16111111111111112 0.025781250000000002 0.03888888888888889
0 0.582421875 0.1590277777777778 0.03359375 0.0375
0 0.50234375 0.8819444444444445 0.1875 0.1638888888888889
0 0.917578125 0.7527777777777778 0.15859375 0.33055555555555555
0 0.5984375000000001 0.21736111111111112 0.028125 0.051388888888888894
0 0.58984375 0.18680555555555556 0.03125 0.03194444444444445
0 0.659375 0.13819444444444445 0.0421875 0.04861111111111111
0 0.327734375 0.24930555555555556 0.041406250000000006 0.06527777777777778
0 0.54296875 0.14166666666666666 0.0203125 0.03888888888888889
0 0.566796875 0.12986111111111112 0.01953125 0.02361111111111111
0 0.548046875 0.10902777777777778 0.00703125 0.0125
0 0.5183593750000001 0.12013888888888889 0.01171875 0.02361111111111111
