0 0.45546875000000003 0.8548611111111112 0.15000000000000002 0.28750000000000003
0 0.9296875 0.5715277777777777 0.1390625 0.23194444444444445
0 0.8539062500000001 0.3013888888888889 0.1046875 0.1
0 0.5808593750000001 0.31736111111111115 0.06796875000000001 0.12083333333333333
0 0.361328125 0.31736111111111115 0.06953125 0.12638888888888888
0 0.487109375 0.2451388888888889 0.04453125 0.10694444444444445
0 0.5652343750000001 0.19097222222222224 0.039843750000000004 0.06805555555555556
0 0.495703125 0.13402777777777777 0.02734375 0.04861111111111111
0 0.5390625 0.09791666666666667 0.025 0.03194444444444445
0 0.7253906250000001 0.19305555555555556 0.08046875 0.10277777777777779
0 0.651953125 0.1451388888888889 0.04609375 0.059722222222222225
0 0.6468750000000001 0.08194444444444444 0.029687500000000002 0.044444444444444446
0 0.462890625 0.05347222222222223 0.022656250000000003 0.04583333333333334
0 0.5 0.06319444444444444 0.0234375 0.051388888888888894
0 0.5925781250000001 0.0625 0.03359375 0.058333333333333334
