0 0.48085937500000003 0.8736111111111111 0.16328125000000002 0.25
0 0.378515625 0.4291666666666667 0.07734375 0.17500000000000002
0 0.512890625 0.31875000000000003 0.04609375 0.09861111111111112
0 0.704296875 0.46944444444444444 0.08984375 0.11944444444444445
0 0.443359375 0.25277777777777777 0.03515625 0.05555555555555556
0 0.40078125000000003 0.21666666666666667 0.03125 0.044444444444444446
0 0.7390625000000001 0.3263888888888889 0.059375000000000004 0.08333333333333334
0 0.80234375 0.2951388888888889 0.0703125 0.07083333333333333
0 0.762890625 0.15486111111111112 0.03828125 0.04583333333333334
0 0.4734375 0.16319444444444445 0.0234375 0.0375
0 0.517578125 0.21875 0.03359375 0.051388888888888894
0 0.96484375 0.2763888888888889 0.0625 0.09722222222222222
0 0.67578125 0.1076388888888889 0.021875000000000002 0.043055555555555555
0 0.48945312500000004 0.13402777777777777 0.013281250000000001 0.034722222222222224
0 0.5183593750000001 0.16041666666666668 0.025781250000000002 0.04583333333333334
0 0.51953125 0.10277777777777779 0.0171875 0.025
0 0.4734375 0.0951388888888889 0.015625 0.02638888888888889
