0 0.48281250000000003 0.5895833333333333 0.1046875 0.25416666666666665
0 0.570703125 0.27222222222222225 0.055468750000000004 0.10833333333333334
0 0.907421875 0.5055555555555555 0.17734375000000002 0.18333333333333335
0 0.939453125 0.3819444444444445 0.11953125 0.14722222222222223
0 0.547265625 0.15208333333333335 0.03515625 0.05694444444444444
0 0.484375 0.14722222222222223 0.034375 0.058333333333333334
0 0.4265625 0.11527777777777778 0.028125 0.0638888888888889
0 0.49140625000000004 0.08055555555555556 0.0234375 0.044444444444444446
0 0.528515625 0.07361111111111111 0.025781250000000002 0.044444444444444446
0 0.680859375 0.19444444444444445 0.07265625 0.09444444444444444
0 0.8636718750000001 0.19166666666666668 0.10234375000000001 0.14444444444444446
0 0.6265625 0.11041666666666668 0.0390625 0.09027777777777778
0 0.7585937500000001 0.13194444444444445 0.0703125 0.11388888888888889
