0 0.46718750000000003 0.8166666666666667 0.15156250000000002 0.2388888888888889
0 0.602734375 0.32708333333333334 0.07890625000000001 0.14583333333333334
0 0.90546875 0.28055555555555556 0.1375 0.13333333333333333
0 0.47382812500000004 0.2 0.05078125 0.1
0 0.544921875 0.07986111111111112 0.04296875 0.059722222222222225
0 0.923828125 0.5743055555555556 0.14921875 0.29305555555555557
0 0.619140625 0.02847222222222222 0.04453125 0.05694444444444444
0 0.8625 0.034722222222222224 0.0625 0.06944444444444445
0 0.44960937500000003 0.02013888888888889 0.025781250000000002 0.029166666666666667
0 0.541015625 0.022222222222222223 0.041406250000000006 0.044444444444444446
