0 0.516015625 0.5263888888888889 0.18046875 0.2555555555555556
0 0.6234375000000001 0.22569444444444445 0.12187500000000001 0.1875
0 0.40742187500000004 0.2423611111111111 0.09296875 0.16805555555555557
0 0.47304687500000003 0.10486111111111111 0.07421875 0.10972222222222222
0 0.564453125 0.06944444444444445 0.08046875 0.11388888888888889
0 0.35976562500000003 0.09375 0.06171875 0.10138888888888889
0 0.07890625000000001 0.3861111111111111 0.11093750000000001 0.21944444444444444
0 0.9007812500000001 0.6791666666666667 0.19687500000000002 0.4138888888888889
0 0.125390625 0.6527777777777778 0.18046875 0.24444444444444446
0 0.15703125 0.20833333333333334 0.08125 0.10555555555555556
0 0.01171875 0.3993055555555556 0.021875000000000002 0.1486111111111111
0 0.4140625 0.030555555555555558 0.05625 0.061111111111111116
