0 0.328125 0.5916666666666667 0.09062500000000001 0.14444444444444446
0 0.058203125 0.3736111111111111 0.06484375 0.09166666666666667
0 0.32343750000000004 0.33819444444444446 0.0390625 0.07083333333333333
0 0.35390625000000003 0.26875 0.0234375 0.04583333333333334
0 0.39765625000000004 0.2715277777777778 0.03125 0.04583333333333334
0 0.32070312500000003 0.2534722222222222 0.025781250000000002 0.04583333333333334
0 0.384375 0.3666666666666667 0.051562500000000004 0.07777777777777778
0 0.35703125 0.21736111111111112 0.015625 0.029166666666666667
0 0.04609375 0.8819444444444445 0.08750000000000001 0.23333333333333334
0 0.061328125000000004 0.4756944444444445 0.08046875 0.12083333333333333
0 0.13203125000000002 0.3013888888888889 0.035937500000000004 0.061111111111111116
0 0.413671875 0.43333333333333335 0.04609375 0.11388888888888889
0 0.382421875 0.31319444444444444 0.02890625 0.05416666666666667
0 0.341796875 0.23472222222222222 0.017968750000000002 0.016666666666666666
0 0.38398437500000004 0.23680555555555557 0.013281250000000001 0.02361111111111111
