0 0.45156250000000003 0.4847222222222222 0.043750000000000004 0.075
0 0.500390625 0.41875 0.02734375 0.04583333333333334
0 0.853515625 0.6062500000000001 0.11953125 0.12638888888888888
0 0.9457031250000001 0.56875 0.10703125000000001 0.11805555555555557
0 0.4546875 0.3923611111111111 0.026562500000000003 0.04583333333333334
0 0.66328125 0.5145833333333334 0.0671875 0.08194444444444444
0 0.47578125000000004 0.8916666666666667 0.1546875 0.2138888888888889
0 0.15859375 0.9180555555555556 0.178125 0.16111111111111112
0 0.6046875 0.42291666666666666 0.05 0.0625
0 0.54921875 0.35347222222222224 0.0328125 0.04583333333333334
0 0.41875 0.3416666666666667 0.018750000000000003 0.03888888888888889
