0 0.311328125 0.7972222222222223 0.08515625 0.13611111111111113
0 0.464453125 0.7111111111111111 0.06484375 0.14444444444444446
0 0.5339843750000001 0.6305555555555555 0.03828125 0.06666666666666667
0 0.398046875 0.6131944444444445 0.04609375 0.08194444444444444
0 0.7371093750000001 0.7590277777777779 0.08984375 0.12361111111111112
0 0.524609375 0.5479166666666667 0.02734375 0.04861111111111111
0 0.479296875 0.5333333333333333 0.022656250000000003 0.04166666666666667
0 0.623046875 0.5375 0.025781250000000002 0.036111111111111115
0 0.451953125 0.49236111111111114 0.017968750000000002 0.029166666666666667
0 0.487109375 0.4916666666666667 0.02109375 0.025
0 0.937109375 0.9145833333333334 0.11640625 0.15972222222222224
0 0.97421875 0.8298611111111112 0.05 0.08472222222222223
