0 0.36015625 0.42291666666666666 0.09375 0.17916666666666667
0 0.20234375000000002 0.3541666666666667 0.1 0.14722222222222223
0 0.38007812500000004 0.22847222222222224 0.05390625 0.09305555555555556
0 0.632421875 0.3104166666666667 0.07890625000000001 0.10416666666666667
0 0.421875 0.08888888888888889 0.025 0.044444444444444446
0 0.15234375 0.8020833333333334 0.246875 0.39305555555555555
0 0.69921875 0.23541666666666666 0.06875 0.09583333333333334
0 0.444140625 0.8868055555555556 0.14453125 0.22083333333333335
0 0.724609375 0.0625 0.04296875 0.044444444444444446
1 0.6703125000000001 0.021527777777777778 0.0484375 0.034722222222222224
0 0.47968750000000004 0.05277777777777778 0.0234375 0.03333333333333333
0 0.419921875 0.010416666666666668 0.02421875 0.020833333333333336
0 0.45039062500000004 0.025 0.014843750000000001 0.036111111111111115
0 0.476171875 0.02291666666666667 0.017968750000000002 0.020833333333333336
