0 0.6078125000000001 0.44722222222222224 0.0671875 0.1388888888888889
0 0.8671875 0.6090277777777778 0.1390625 0.17083333333333334
0 0.47265625 0.43333333333333335 0.065625 0.125
0 0.6101562500000001 0.3041666666666667 0.046875 0.07777777777777778
0 0.55 0.275 0.035937500000000004 0.0638888888888889
0 0.941015625 0.24861111111111112 0.05859375 0.06944444444444445
0 0.54453125 0.17152777777777778 0.021875000000000002 0.03194444444444445
0 0.8519531250000001 0.19305555555555556 0.02890625 0.05555555555555556
0 0.571875 0.20902777777777778 0.018750000000000003 0.04583333333333334
0 0.615234375 0.1798611111111111 0.02109375 0.0375
0 0.5847656250000001 0.14652777777777778 0.02109375 0.018055555555555557
0 0.5640625 0.12986111111111112 0.0140625 0.03194444444444445
