0 0.408203125 0.788888888888889 0.11015625000000001 0.2888888888888889
0 0.31953125000000004 0.4798611111111111 0.06875 0.13194444444444445
0 0.26796875000000003 0.3805555555555556 0.065625 0.07777777777777778
0 0.451953125 0.3736111111111111 0.047656250000000004 0.07777777777777778
0 0.6507812500000001 0.5034722222222222 0.096875 0.1125
0 0.6902343750000001 0.425 0.08046875 0.09166666666666667
0 0.7660156250000001 0.39583333333333337 0.09453125000000001 0.08333333333333334
0 0.39375000000000004 0.2791666666666667 0.03125 0.04722222222222222
0 0.447265625 0.26805555555555555 0.032031250000000004 0.04166666666666667
0 0.6800781250000001 0.3076388888888889 0.05078125 0.051388888888888894
0 0.758984375 0.26875 0.06015625 0.04861111111111111
0 0.9597656250000001 0.38958333333333334 0.07890625000000001 0.11527777777777778
0 0.8796875000000001 0.6722222222222223 0.22187500000000002 0.28055555555555556
0 0.60859375 0.23680555555555557 0.034375 0.05694444444444444
0 0.5703125 0.3680555555555556 0.084375 0.11944444444444445
0 0.59765625 0.17222222222222222 0.021875000000000002 0.03333333333333333
0 0.40546875000000004 0.23333333333333334 0.0171875 0.03888888888888889
0 0.43085937500000004 0.2138888888888889 0.013281250000000001 0.036111111111111115
0 0.444921875 0.22847222222222224 0.017968750000000002 0.029166666666666667
0 0.448828125 0.1902777777777778 0.01015625 0.016666666666666666
0 0.41445312500000003 0.19236111111111112 0.01640625 0.0375
