0 0.042578125 0.40208333333333335 0.08515625 0.14305555555555557
0 0.45546875000000003 0.4604166666666667 0.1390625 0.23750000000000002
0 0.75703125 0.513888888888889 0.18125000000000002 0.2888888888888889
0 0.6687500000000001 0.24166666666666667 0.115625 0.15
0 0.5234375 0.2451388888888889 0.09062500000000001 0.12361111111111112
0 0.38671875 0.22847222222222224 0.06875 0.11805555555555557
0 0.453125 0.1527777777777778 0.05625 0.09722222222222222
0 0.5281250000000001 0.09583333333333334 0.059375000000000004 0.1
0 0.3671875 0.07708333333333334 0.0421875 0.059722222222222225
0 0.19648437500000002 0.5180555555555556 0.11015625000000001 0.19166666666666668
0 0.1421875 0.3506944444444445 0.0890625 0.14027777777777778
0 0.19140625 0.23611111111111113 0.053125000000000006 0.07222222222222223
0 0.3484375 0.029861111111111113 0.026562500000000003 0.0375
0 0.644140625 0.9048611111111111 0.24765625000000002 0.1875
