0 0.86328125 0.6722222222222223 0.18906250000000002 0.2
0 0.275390625 0.5055555555555555 0.08046875 0.13611111111111113
0 0.500390625 0.40625 0.05390625 0.09861111111111112
0 0.35273437500000004 0.3263888888888889 0.04453125 0.07777777777777778
0 0.45390625 0.2638888888888889 0.026562500000000003 0.04722222222222222
0 0.43398437500000003 0.22222222222222224 0.01953125 0.030555555555555558
0 0.9378906250000001 0.5125000000000001 0.12265625000000001 0.14166666666666666
0 0.46210937500000004 0.19375 0.014843750000000001 0.03194444444444445
0 0.7093750000000001 0.3784722222222222 0.09062500000000001 0.11527777777777778
0 0.6062500000000001 0.31666666666666665 0.065625 0.12222222222222223
0 0.54453125 0.24097222222222223 0.034375 0.0625
0 0.5796875 0.22361111111111112 0.026562500000000003 0.02777777777777778
0 0.412109375 0.17152777777777778 0.01953125 0.02638888888888889
0 0.75703125 0.3194444444444445 0.059375000000000004 0.08888888888888889
