0 0.5281250000000001 0.5993055555555555 0.043750000000000004 0.07361111111111111
0 0.632421875 0.5652777777777778 0.04453125 0.07222222222222223
0 0.55 0.7854166666666667 0.0859375 0.14583333333333334
0 0.649609375 0.76875 0.08046875 0.13472222222222222
0 0.745703125 0.763888888888889 0.08984375 0.1388888888888889
0 0.5769531250000001 0.4916666666666667 0.01640625 0.044444444444444446
0 0.547265625 0.4986111111111111 0.032031250000000004 0.044444444444444446
0 0.340625 0.5465277777777778 0.040625 0.07083333333333333
0 0.291015625 0.8833333333333334 0.11171875 0.2138888888888889
0 0.253515625 0.7319444444444445 0.07578125000000001 0.12222222222222223
0 0.340625 0.6208333333333333 0.034375 0.07222222222222223
0 0.51171875 0.4916666666666667 0.0140625 0.02777777777777778
0 0.770703125 0.6104166666666667 0.039843750000000004 0.0625
0 0.722265625 0.5541666666666667 0.03828125 0.06666666666666667
0 0.608984375 0.46875 0.02109375 0.02361111111111111
0 0.5574218750000001 0.4638888888888889 0.013281250000000001 0.036111111111111115
0 0.539453125 0.4618055555555556 0.014843750000000001 0.018055555555555557
0 0.6839843750000001 0.9402777777777778 0.10859375 0.11666666666666667
0 0.564453125 0.5597222222222222 0.03671875 0.05
0 0.546484375 0.4451388888888889 0.014843750000000001 0.03194444444444445
