0 0.371875 0.29791666666666666 0.0625 0.10972222222222222
0 0.154296875 0.851388888888889 0.23359375000000002 0.29444444444444445
0 0.39609375 0.18888888888888888 0.045312500000000006 0.06944444444444445
0 0.45703125 0.18680555555555556 0.045312500000000006 0.08472222222222223
0 0.77109375 0.225 0.078125 0.07222222222222223
0 0.428515625 0.09861111111111112 0.02734375 0.044444444444444446
0 0.47421875 0.07708333333333334 0.025 0.04027777777777778
0 0.65234375 0.15972222222222224 0.0703125 0.10833333333333334
1 0.8269531250000001 0.10625 0.15078125 0.13472222222222222
0 0.46523437500000003 0.03680555555555556 0.017968750000000002 0.02638888888888889
0 0.455078125 0.0076388888888888895 0.01015625 0.015277777777777779
0 0.7296875 0.5173611111111112 0.1328125 0.1902777777777778
