0 0.36171875000000003 0.4173611111111111 0.09531250000000001 0.15972222222222224
0 0.6316406250000001 0.35694444444444445 0.06953125 0.13055555555555556
0 0.5234375 0.2798611111111111 0.0484375 0.11527777777777778
0 0.6042968750000001 0.19791666666666669 0.041406250000000006 0.07916666666666666
0 0.5375 0.17083333333333334 0.034375 0.08333333333333334
0 0.483984375 0.15486111111111112 0.032031250000000004 0.04583333333333334
0 0.50546875 0.0951388888888889 0.0234375 0.03194444444444445
0 0.5953125 0.11041666666666668 0.035937500000000004 0.043055555555555555
0 0.703125 0.16111111111111112 0.0703125 0.10277777777777779
0 0.87265625 0.1590277777777778 0.06875 0.09583333333333334
0 0.662109375 0.08333333333333334 0.030468750000000003 0.05
0 0.78671875 0.15069444444444444 0.0546875 0.09305555555555556
0 0.58515625 0.0625 0.0234375 0.030555555555555558
0 0.5496093750000001 0.09097222222222223 0.022656250000000003 0.043055555555555555
0 0.5613281250000001 0.025694444444444447 0.017968750000000002 0.029166666666666667
0 0.580078125 0.019444444444444445 0.00859375 0.02777777777777778
0 0.7097656250000001 0.052083333333333336 0.03828125 0.051388888888888894
