0 0.25859375 0.4548611111111111 0.1234375 0.20694444444444446
0 0.458984375 0.5951388888888889 0.12578125 0.3402777777777778
0 0.8363281250000001 0.34861111111111115 0.13046875 0.15
0 0.584375 0.21041666666666667 0.0703125 0.1486111111111111
0 0.48515625 0.12083333333333333 0.0421875 0.07777777777777778
0 0.555859375 0.09583333333333334 0.04453125 0.07222222222222223
0 0.49726562500000004 0.05416666666666667 0.03515625 0.05
0 0.681640625 0.09652777777777778 0.07265625 0.09861111111111112
1 0.9460937500000001 0.16736111111111113 0.10625000000000001 0.27083333333333337
0 0.54140625 0.015277777777777779 0.0328125 0.030555555555555558
