0 0.296484375 0.5611111111111111 0.09140625000000001 0.16111111111111112
0 0.44257812500000004 0.5388888888888889 0.06953125 0.14166666666666666
0 0.275390625 0.3784722222222222 0.06015625 0.0763888888888889
0 0.384765625 0.32569444444444445 0.039843750000000004 0.06805555555555556
0 0.7582031250000001 0.3791666666666667 0.07890625000000001 0.08055555555555556
0 0.7718750000000001 0.27847222222222223 0.0578125 0.051388888888888894
0 0.40546875000000004 0.23819444444444446 0.0234375 0.0375
0 0.381640625 0.20902777777777778 0.022656250000000003 0.02361111111111111
0 0.6898437500000001 0.6402777777777778 0.134375 0.1638888888888889
0 0.17421875 0.9159722222222223 0.17500000000000002 0.16527777777777777
0 0.45078125 0.30972222222222223 0.037500000000000006 0.07777777777777778
0 0.448046875 0.2555555555555556 0.022656250000000003 0.025
0 0.46015625000000004 0.22013888888888888 0.0203125 0.0375
0 0.423828125 0.20347222222222222 0.01953125 0.029166666666666667
0 0.45820312500000004 0.18819444444444444 0.01640625 0.02361111111111111
0 0.60859375 0.1826388888888889 0.021875000000000002 0.04861111111111111
0 0.558984375 0.3423611111111111 0.06171875 0.10416666666666667
