0 0.40234375 0.7138888888888889 0.09843750000000001 0.17777777777777778
0 0.5015625 0.5520833333333334 0.06406250000000001 0.15694444444444444
0 0.385546875 0.40347222222222223 0.03828125 0.08194444444444444
0 0.432421875 0.40972222222222227 0.041406250000000006 0.08333333333333334
0 0.49296875 0.3965277777777778 0.046875 0.0763888888888889
0 0.46015625000000004 0.33125 0.037500000000000006 0.05694444444444444
0 0.09609375 0.4701388888888889 0.0703125 0.09583333333333334
0 0.17695312500000002 0.3965277777777778 0.041406250000000006 0.06805555555555556
0 0.413671875 0.33472222222222225 0.030468750000000003 0.05277777777777778
0 0.37421875000000004 0.3277777777777778 0.0234375 0.044444444444444446
0 0.19492187500000002 0.6277777777777778 0.08828125 0.16666666666666669
0 0.09296875 0.5965277777777778 0.08125 0.1486111111111111
0 0.173828125 0.4715277777777778 0.06328125 0.08472222222222223
0 0.220703125 0.3472222222222222 0.02734375 0.03333333333333333
0 0.5632812500000001 0.3680555555555556 0.0203125 0.044444444444444446
0 0.54140625 0.788888888888889 0.0703125 0.21944444444444444
0 0.42500000000000004 0.2916666666666667 0.015625 0.02777777777777778
0 0.397265625 0.2902777777777778 0.014843750000000001 0.04166666666666667
0 0.51015625 0.31319444444444444 0.021875000000000002 0.03194444444444445
0 0.39179687500000004 0.2520833333333333 0.014843750000000001 0.02361111111111111
