0 0.401953125 0.7368055555555556 0.12578125 0.3125
0 0.65625 0.8 0.1796875 0.39722222222222225
0 0.543359375 0.33333333333333337 0.06640625 0.1
0 0.46132812500000003 0.18611111111111112 0.03359375 0.061111111111111116
0 0.505078125 0.15763888888888888 0.03515625 0.043055555555555555
0 0.765234375 0.40069444444444446 0.10859375 0.13472222222222222
0 0.8523437500000001 0.3472222222222222 0.11406250000000001 0.12222222222222223
0 0.892578125 0.1638888888888889 0.08203125 0.05555555555555556
0 0.590234375 0.14375000000000002 0.03515625 0.04861111111111111
0 0.486328125 0.08541666666666667 0.01640625 0.020833333333333336
0 0.42578125 0.08611111111111111 0.0140625 0.02777777777777778
0 0.458984375 0.0625 0.013281250000000001 0.019444444444444445
0 0.7156250000000001 0.13125 0.06406250000000001 0.07916666666666666
0 0.7074218750000001 0.20972222222222223 0.05859375 0.09166666666666667
0 0.54921875 0.10069444444444445 0.0234375 0.029166666666666667
0 0.5925781250000001 0.06597222222222222 0.041406250000000006 0.04861111111111111
0 0.44140625 0.050694444444444445 0.0125 0.02638888888888889
