0 0.466796875 0.5055555555555555 0.11015625000000001 0.2555555555555556
0 0.17734375000000002 0.8020833333333334 0.23593750000000002 0.39305555555555555
0 0.44179687500000003 0.2729166666666667 0.06796875000000001 0.13194444444444445
0 0.467578125 0.1451388888888889 0.049218750000000006 0.08750000000000001
0 0.41015625 0.13611111111111113 0.043750000000000004 0.07777777777777778
0 0.353515625 0.07222222222222223 0.07734375 0.1277777777777778
0 0.7609375 0.20972222222222223 0.08281250000000001 0.11111111111111112
0 0.68515625 0.10833333333333334 0.053125000000000006 0.08333333333333334
0 0.44179687500000003 0.03958333333333333 0.02421875 0.0625
0 0.480078125 0.035416666666666666 0.032031250000000004 0.059722222222222225
0 0.40546875000000004 0.029166666666666667 0.018750000000000003 0.04166666666666667
0 0.41796875 0.01875 0.0203125 0.0375
0 0.688671875 0.22708333333333333 0.06484375 0.10416666666666667
0 0.478125 0.07916666666666666 0.03125 0.04722222222222222
0 0.6742187500000001 0.019444444444444445 0.046875 0.03888888888888889
0 0.6292968750000001 0.008333333333333333 0.022656250000000003 0.016666666666666666
