0 0.4234375 0.8493055555555555 0.11406250000000001 0.28750000000000003
0 0.5554687500000001 0.6791666666666667 0.07968750000000001 0.15833333333333333
0 0.8539062500000001 0.7604166666666667 0.16562500000000002 0.19861111111111113
0 0.32734375000000004 0.5423611111111112 0.06406250000000001 0.09583333333333334
0 0.440234375 0.4305555555555556 0.039843750000000004 0.0638888888888889
0 0.48164062500000004 0.36319444444444443 0.022656250000000003 0.04027777777777778
0 0.86484375 0.5256944444444445 0.0921875 0.09861111111111112
0 0.644140625 0.48888888888888893 0.05859375 0.07222222222222223
0 0.40703125 0.3416666666666667 0.021875000000000002 0.030555555555555558
0 0.444140625 0.36597222222222225 0.01953125 0.0375
0 0.55 0.3611111111111111 0.021875000000000002 0.03333333333333333
0 0.9535156250000001 0.7069444444444445 0.08828125 0.2
0 0.5984375000000001 0.38958333333333334 0.037500000000000006 0.05694444444444444
0 0.7152343750000001 0.41597222222222224 0.07578125000000001 0.06805555555555556
