0 0.09453125000000001 0.6284722222222222 0.1421875 0.2652777777777778
0 0.262890625 0.39166666666666666 0.06953125 0.125
0 0.35976562500000003 0.3597222222222222 0.06015625 0.09166666666666667
0 0.38984375000000004 0.28958333333333336 0.045312500000000006 0.0763888888888889
0 0.334765625 0.26319444444444445 0.041406250000000006 0.0763888888888889
0 0.38046875 0.19652777777777777 0.025 0.051388888888888894
0 0.41132812500000004 0.23333333333333334 0.03515625 0.05
0 0.44843750000000004 0.19791666666666669 0.026562500000000003 0.04583333333333334
0 0.812109375 0.46111111111111114 0.12890625 0.14166666666666666
0 0.271484375 0.8347222222222223 0.17578125 0.3277777777777778
1 0.9402343750000001 0.37986111111111115 0.10859375 0.23750000000000002
0 0.706640625 0.24027777777777778 0.057031250000000006 0.07222222222222223
0 0.64453125 0.2743055555555556 0.037500000000000006 0.05416666666666667
0 0.43007812500000003 0.16041666666666668 0.01171875 0.018055555555555557
0 0.401953125 0.15972222222222224 0.017968750000000002 0.022222222222222223
0 0.6023437500000001 0.1840277777777778 0.026562500000000003 0.029166666666666667
