0 0.20664062500000002 0.5652777777777778 0.07421875 0.10277777777777779
0 0.5027343750000001 0.6152777777777778 0.07109375 0.11666666666666667
0 0.712890625 0.625 0.07890625000000001 0.13611111111111113
0 0.509375 0.48194444444444445 0.043750000000000004 0.06944444444444445
0 0.6117187500000001 0.4916666666666667 0.037500000000000006 0.08055555555555556
0 0.563671875 0.4930555555555556 0.039843750000000004 0.075
0 0.5015625 0.4152777777777778 0.03125 0.05
0 0.57578125 0.4131944444444445 0.029687500000000002 0.05416666666666667
0 0.5328125 0.4076388888888889 0.021875000000000002 0.04583333333333334
0 0.07773437500000001 0.8958333333333334 0.12109375 0.20555555555555557
0 0.23125 0.8902777777777778 0.1328125 0.21666666666666667
0 0.7429687500000001 0.9500000000000001 0.11093750000000001 0.09722222222222222
0 0.736328125 0.7944444444444445 0.12265625000000001 0.18888888888888888
0 0.6640625 0.43125 0.026562500000000003 0.03194444444444445
0 0.6371093750000001 0.4048611111111111 0.022656250000000003 0.05694444444444444
0 0.546484375 0.3729166666666667 0.013281250000000001 0.018055555555555557
0 0.521875 0.37777777777777777 0.018750000000000003 0.02777777777777778
0 0.270703125 0.607638888888889 0.06640625 0.09027777777777778
0 0.33984375 0.6576388888888889 0.06406250000000001 0.09583333333333334
0 0.33632812500000003 0.4395833333333333 0.025781250000000002 0.051388888888888894
0 0.512890625 0.35208333333333336 0.01171875 0.015277777777777779
