0 0.2515625 0.7361111111111112 0.115625 0.19166666666666668
0 0.45078125 0.525 0.046875 0.08888888888888889
0 0.692578125 0.5458333333333334 0.07109375 0.08333333333333334
0 0.8031250000000001 0.5437500000000001 0.09375 0.09305555555555556
0 0.50234375 0.40208333333333335 0.0328125 0.05416666666666667
0 0.4546875 0.40625 0.029687500000000002 0.051388888888888894
0 0.41054687500000003 0.3652777777777778 0.022656250000000003 0.036111111111111115
0 0.608984375 0.42291666666666666 0.04609375 0.05416666666666667
0 0.46015625000000004 0.35555555555555557 0.021875000000000002 0.022222222222222223
0 0.934765625 0.7298611111111112 0.12109375 0.23194444444444445
0 0.947265625 0.9506944444444445 0.09609375 0.09583333333333334
0 0.6218750000000001 0.33333333333333337 0.034375 0.0638888888888889
0 0.58125 0.35694444444444445 0.028125 0.0638888888888889
0 0.48750000000000004 0.325 0.018750000000000003 0.02777777777777778
0 0.553125 0.33611111111111114 0.028125 0.06666666666666667
