0 0.31640625 0.7076388888888889 0.11875000000000001 0.27083333333333337
0 0.17148437500000002 0.5263888888888889 0.09921875000000001 0.16111111111111112
0 0.288671875 0.3625 0.057031250000000006 0.07777777777777778
0 0.37421875000000004 0.3423611111111111 0.040625 0.06805555555555556
0 0.3984375 0.28541666666666665 0.03125 0.06527777777777778
0 0.35234375 0.2638888888888889 0.025 0.05277777777777778
0 0.67109375 0.3180555555555556 0.046875 0.05555555555555556
0 0.7332031250000001 0.27708333333333335 0.05234375 0.043055555555555555
0 0.41523437500000004 0.22986111111111113 0.017968750000000002 0.02638888888888889
0 0.39140625 0.20277777777777778 0.0171875 0.02777777777777778
0 0.452734375 0.20416666666666666 0.013281250000000001 0.025
0 0.9027343750000001 0.5833333333333334 0.14453125 0.19444444444444445
0 0.9792968750000001 0.4201388888888889 0.030468750000000003 0.11527777777777778
0 0.6390625000000001 0.38125000000000003 0.0546875 0.09027777777777778
0 0.1203125 0.9618055555555556 0.1609375 0.07361111111111111
0 0.544140625 0.21944444444444444 0.049218750000000006 0.0638888888888889
0 0.57265625 0.41111111111111115 0.065625 0.10277777777777779
0 0.43593750000000003 0.16944444444444445 0.010937500000000001 0.01388888888888889
0 0.40859375000000003 0.17500000000000002 0.0078125 0.025
0 0.61328125 0.20347222222222222 0.025 0.034722222222222224
0 0.58515625 0.18055555555555555 0.015625 0.03333333333333333
0 0.45351562500000003 0.16944444444444445 0.01015625 0.01388888888888889
