0 0.47695312500000003 0.5909722222222222 0.10390625 0.2652777777777778
0 0.49648437500000003 0.25972222222222224 0.049218750000000006 0.09444444444444444
0 0.55078125 0.17708333333333334 0.03125 0.05416666666666667
0 0.7601562500000001 0.3506944444444445 0.096875 0.09583333333333334
0 0.955078125 0.4625 0.08828125 0.15833333333333333
0 0.453125 0.1423611111111111 0.0234375 0.05416666666666667
0 0.509765625 0.12152777777777778 0.022656250000000003 0.034722222222222224
0 0.6292968750000001 0.14791666666666667 0.032031250000000004 0.0375
0 0.5328125 0.10069444444444445 0.0203125 0.034722222222222224
0 0.467578125 0.09236111111111112 0.017968750000000002 0.029166666666666667
0 0.04453125 0.9506944444444445 0.084375 0.09583333333333334
0 0.7800781250000001 0.22430555555555556 0.08984375 0.10694444444444445
0 0.6316406250000001 0.0951388888888889 0.04296875 0.043055555555555555
1 0.38828125 0.21180555555555555 0.09375 0.21805555555555556
