0 0.46328125000000003 0.275 0.0546875 0.08888888888888889
0 0.280859375 0.29305555555555557 0.06328125 0.08611111111111111
0 0.38906250000000003 0.2576388888888889 0.043750000000000004 0.08472222222222223
0 0.689453125 0.25972222222222224 0.06953125 0.09166666666666667
0 0.67734375 0.1486111111111111 0.045312500000000006 0.058333333333333334
0 0.39921875 0.08958333333333333 0.015625 0.03194444444444445
0 0.46914062500000003 0.09930555555555556 0.02109375 0.0375
0 0.427734375 0.17847222222222223 0.030468750000000003 0.04861111111111111
0 0.43125 0.8104166666666667 0.18906250000000002 0.3763888888888889
0 0.6058593750000001 0.28125 0.06640625 0.10138888888888889
0 0.41875 0.13680555555555557 0.0328125 0.04583333333333334
0 0.436328125 0.09166666666666667 0.017968750000000002 0.02777777777777778
0 0.46992187500000004 0.0625 0.017968750000000002 0.025
0 0.444921875 0.06736111111111111 0.017968750000000002 0.020833333333333336
