0 0.41796875 0.27569444444444446 0.0703125 0.10972222222222222
0 0.12421875 0.29791666666666666 0.06406250000000001 0.12361111111111112
0 0.06875 0.5645833333333333 0.12812500000000002 0.23472222222222222
0 0.45546875000000003 0.16111111111111112 0.051562500000000004 0.075
0 0.512890625 0.13194444444444445 0.049218750000000006 0.075
0 0.396484375 0.10833333333333334 0.03515625 0.05555555555555556
0 0.45937500000000003 0.061111111111111116 0.028125 0.04722222222222222
0 0.56015625 0.8479166666666667 0.2546875 0.3013888888888889
0 0.21640625000000002 0.5402777777777777 0.1171875 0.20833333333333334
0 0.039453125000000006 0.42847222222222225 0.07734375 0.1375
0 0.18710937500000002 0.31736111111111115 0.06015625 0.09027777777777778
0 0.22734375 0.1527777777777778 0.034375 0.05
0 0.38828125 0.07291666666666667 0.026562500000000003 0.029166666666666667
0 0.44179687500000003 0.11041666666666668 0.03359375 0.0375
0 0.4890625 0.08541666666666667 0.029687500000000002 0.04583333333333334
0 0.42695312500000004 0.07222222222222223 0.02890625 0.044444444444444446
0 0.40703125 0.029861111111111113 0.028125 0.04861111111111111
0 0.43007812500000003 0.027083333333333334 0.014843750000000001 0.029166666666666667
