0 0.103515625 0.4666666666666667 0.15234375 0.22777777777777777
0 0.29335937500000003 0.5180555555555556 0.13515625 0.27222222222222225
0 0.448046875 0.27569444444444446 0.06640625 0.14027777777777778
0 0.267578125 0.21944444444444444 0.06328125 0.12222222222222223
0 0.3515625 0.08888888888888889 0.043750000000000004 0.09444444444444444
0 0.40351562500000004 0.1076388888888889 0.04296875 0.09027777777777778
0 0.46171875 0.11875000000000001 0.040625 0.09027777777777778
0 0.775 0.18125 0.109375 0.11805555555555557
0 0.415625 0.03680555555555556 0.0390625 0.059722222222222225
0 0.39960937500000004 0.9569444444444445 0.16015625 0.08333333333333334
0 0.6984375 0.36319444444444443 0.1078125 0.12361111111111112
0 0.95625 0.6284722222222222 0.08125 0.18194444444444446
0 0.6578125 0.17916666666666667 0.065625 0.08611111111111111
0 0.676953125 0.024305555555555556 0.02734375 0.03194444444444445
0 0.6488281250000001 0.0125 0.017968750000000002 0.022222222222222223
0 0.441015625 0.06666666666666667 0.02734375 0.05277777777777778
0 0.467578125 0.03958333333333333 0.02109375 0.0375
0 0.43828125 0.02013888888888889 0.025 0.029166666666666667
