0 0.28945312500000003 0.7298611111111112 0.12265625000000001 0.26805555555555555
0 0.446875 0.5722222222222223 0.065625 0.14166666666666666
0 0.4109375 0.3791666666666667 0.037500000000000006 0.08611111111111111
0 0.7800781250000001 0.34097222222222223 0.05859375 0.059722222222222225
0 0.46953125 0.31666666666666665 0.025 0.044444444444444446
0 0.6785156250000001 0.6631944444444444 0.11484375000000001 0.14583333333333334
0 0.436328125 0.2826388888888889 0.02421875 0.034722222222222224
0 0.401953125 0.2652777777777778 0.017968750000000002 0.022222222222222223
1 0.8089843750000001 0.48541666666666666 0.26796875000000003 0.3013888888888889
0 0.626171875 0.24791666666666667 0.025781250000000002 0.034722222222222224
0 0.47265625 0.25833333333333336 0.018750000000000003 0.030555555555555558
0 0.440234375 0.25416666666666665 0.013281250000000001 0.025
0 0.416796875 0.24375000000000002 0.01640625 0.02361111111111111
