0 0.35000000000000003 0.5118055555555556 0.0671875 0.11805555555555557
0 0.31367187500000004 0.40972222222222227 0.055468750000000004 0.09166666666666667
0 0.44843750000000004 0.37569444444444444 0.0390625 0.06805555555555556
0 0.3796875 0.3229166666666667 0.028125 0.059722222222222225
0 0.416796875 0.3284722222222222 0.03828125 0.05694444444444444
0 0.452734375 0.30833333333333335 0.030468750000000003 0.03888888888888889
0 0.6917968750000001 0.5465277777777778 0.09140625000000001 0.1486111111111111
0 0.452734375 0.2729166666666667 0.022656250000000003 0.029166666666666667
0 0.2171875 0.8645833333333334 0.16718750000000002 0.2652777777777778
0 0.019140625 0.8798611111111111 0.03671875 0.1625
0 0.431640625 0.28958333333333336 0.017968750000000002 0.029166666666666667
0 0.425390625 0.2520833333333333 0.01171875 0.020833333333333336
0 0.608984375 0.6354166666666667 0.09296875 0.15416666666666667
0 0.8660156250000001 0.6333333333333333 0.14296875 0.15
0 0.8675781250000001 0.46319444444444446 0.09609375 0.09305555555555556
0 0.6921875000000001 0.3298611111111111 0.07968750000000001 0.10416666666666667
0 0.6375000000000001 0.40347222222222223 0.05 0.07083333333333333
0 0.619140625 0.2986111111111111 0.030468750000000003 0.02777777777777778
