0 0.25625000000000003 0.2888888888888889 0.08750000000000001 0.1388888888888889
0 0.775 0.41875 0.13125 0.19861111111111113
0 0.8210937500000001 0.19166666666666668 0.1 0.16111111111111112
0 0.6902343750000001 0.17152777777777778 0.06640625 0.12361111111111112
0 0.6019531250000001 0.15 0.049218750000000006 0.10277777777777779
0 0.700390625 0.05763888888888889 0.05390625 0.07916666666666666
0 0.5765625 0.061111111111111116 0.034375 0.058333333333333334
0 0.385546875 0.4222222222222222 0.08515625 0.17222222222222222
0 0.37265625 0.13611111111111113 0.037500000000000006 0.05555555555555556
0 0.39921875 0.1826388888888889 0.034375 0.08194444444444444
0 0.40546875000000004 0.09305555555555556 0.0328125 0.0638888888888889
0 0.9593750000000001 0.46944444444444444 0.07500000000000001 0.23611111111111113
0 0.6355468750000001 0.05625 0.04296875 0.08750000000000001
0 0.56796875 0.015972222222222224 0.03125 0.03194444444444445
