0 0.31093750000000003 0.5111111111111112 0.051562500000000004 0.08611111111111111
0 0.353515625 0.4 0.03515625 0.05277777777777778
0 0.46718750000000003 0.41250000000000003 0.034375 0.05277777777777778
0 0.405859375 0.8958333333333334 0.12578125 0.20555555555555557
0 0.8347656250000001 0.6041666666666667 0.13359375 0.15833333333333333
0 0.82421875 0.45833333333333337 0.1 0.09444444444444444
0 0.64453125 0.4743055555555556 0.0703125 0.10972222222222222
0 0.440234375 0.33472222222222225 0.022656250000000003 0.030555555555555558
0 0.41835937500000003 0.3194444444444445 0.022656250000000003 0.030555555555555558
0 0.55 0.36041666666666666 0.0421875 0.06527777777777778
