0 0.21406250000000002 0.8034722222222223 0.18281250000000002 0.3902777777777778
0 0.419921875 0.4361111111111111 0.08828125 0.225
0 0.48085937500000003 0.3 0.06328125 0.10833333333333334
0 0.37265625 0.2798611111111111 0.060937500000000006 0.10416666666666667
0 0.47421875 0.17500000000000002 0.040625 0.07222222222222223
0 0.48125 0.07569444444444445 0.021875000000000002 0.04027777777777778
0 0.41718750000000004 0.06597222222222222 0.0203125 0.034722222222222224
1 0.7175781250000001 0.052083333333333336 0.06796875000000001 0.08750000000000001
0 0.6421875 0.08125 0.034375 0.04861111111111111
0 0.6082031250000001 0.21736111111111112 0.07578125000000001 0.09583333333333334
0 0.44140625 0.09791666666666667 0.03125 0.051388888888888894
0 0.45 0.06527777777777778 0.026562500000000003 0.025
0 0.45625000000000004 0.03263888888888889 0.015625 0.02361111111111111
0 0.486328125 0.010416666666666668 0.014843750000000001 0.020833333333333336
0 0.46523437500000003 0.009027777777777779 0.01640625 0.018055555555555557
