0 0.45820312500000004 0.8208333333333334 0.08671875000000001 0.17500000000000002
0 0.463671875 0.5805555555555556 0.03671875 0.061111111111111116
0 0.512890625 0.55 0.03671875 0.058333333333333334
0 0.476171875 0.525 0.02734375 0.04722222222222222
0 0.5515625000000001 0.5145833333333334 0.026562500000000003 0.043055555555555555
0 0.527734375 0.4756944444444445 0.02109375 0.04027777777777778
0 0.48046875 0.4826388888888889 0.018750000000000003 0.03194444444444445
0 0.31328125 0.6847222222222222 0.05625 0.10277777777777779
0 0.73828125 0.6395833333333334 0.065625 0.07916666666666666
0 0.641796875 0.5444444444444445 0.03828125 0.044444444444444446
0 0.6039062500000001 0.5131944444444445 0.021875000000000002 0.029166666666666667
0 0.5140625 0.49236111111111114 0.015625 0.034722222222222224
0 0.24375000000000002 0.5680555555555555 0.045312500000000006 0.061111111111111116
