0 0.40625 0.6284722222222222 0.11406250000000001 0.2902777777777778
0 0.455859375 0.26805555555555555 0.06015625 0.11111111111111112
0 0.38046875 0.2215277777777778 0.053125000000000006 0.08750000000000001
0 0.763671875 0.3201388888888889 0.10859375 0.10972222222222222
0 0.892578125 0.18333333333333335 0.08671875000000001 0.075
0 0.8539062500000001 0.12083333333333333 0.078125 0.058333333333333334
0 0.47304687500000003 0.14722222222222223 0.039843750000000004 0.06666666666666667
0 0.43359375 0.0638888888888889 0.025 0.04722222222222222
0 0.669140625 0.10486111111111111 0.039843750000000004 0.05416666666666667
0 0.47695312500000003 0.06666666666666667 0.02890625 0.04722222222222222
0 0.3140625 0.13125 0.07968750000000001 0.16805555555555557
0 0.7234375000000001 0.4826388888888889 0.1453125 0.20416666666666666
0 0.6449218750000001 0.05763888888888889 0.030468750000000003 0.03194444444444445
0 0.671875 0.015972222222222224 0.0484375 0.03194444444444445
0 0.38906250000000003 0.05625 0.025 0.03194444444444445
0 0.40078125000000003 0.030555555555555558 0.018750000000000003 0.025
0 0.42109375000000004 0.008333333333333333 0.018750000000000003 0.016666666666666666
0 0.45078125 0.01388888888888889 0.0171875 0.01388888888888889
0 0.478125 0.011111111111111112 0.0171875 0.022222222222222223
