0 0.56171875 0.5805555555555556 0.06875 0.13055555555555556
0 0.44179687500000003 0.6222222222222222 0.07578125000000001 0.16944444444444445
0 0.35234375 0.4847222222222222 0.0578125 0.09444444444444444
0 0.52109375 0.4041666666666667 0.037500000000000006 0.06666666666666667
0 0.84296875 0.5673611111111111 0.1203125 0.12916666666666668
0 0.463671875 0.36597222222222225 0.02890625 0.04583333333333334
0 0.706640625 0.5270833333333333 0.07890625000000001 0.09305555555555556
0 0.41875 0.32708333333333334 0.0234375 0.02638888888888889
0 0.46914062500000003 0.29583333333333334 0.013281250000000001 0.025
0 0.43593750000000003 0.9381944444444444 0.12812500000000002 0.12083333333333333
0 0.132421875 0.9597222222222223 0.14140625 0.07777777777777778
0 0.8601562500000001 0.34652777777777777 0.134375 0.15972222222222224
0 0.6917968750000001 0.40972222222222227 0.06796875000000001 0.08611111111111111
0 0.56953125 0.32569444444444445 0.0203125 0.0375
0 0.620703125 0.3354166666666667 0.041406250000000006 0.07083333333333333
0 0.505859375 0.34097222222222223 0.02890625 0.0375
