0 0.354296875 0.6201388888888889 0.07109375 0.1125
0 0.544921875 0.6659722222222223 0.06328125 0.10694444444444445
0 0.7542968750000001 0.7423611111111111 0.10390625 0.13472222222222222
0 0.7972656250000001 0.6604166666666667 0.09609375 0.10694444444444445
0 0.6628906250000001 0.5715277777777777 0.06171875 0.08750000000000001
0 0.528515625 0.5118055555555556 0.03515625 0.059722222222222225
0 0.4703125 0.4847222222222222 0.026562500000000003 0.0638888888888889
0 0.4421875 0.42430555555555555 0.021875000000000002 0.034722222222222224
0 0.48203125 0.4201388888888889 0.0203125 0.029166666666666667
0 0.50703125 0.41250000000000003 0.0140625 0.022222222222222223
0 0.408203125 0.8618055555555556 0.14140625 0.27361111111111114
0 0.16718750000000002 0.9576388888888889 0.153125 0.08194444444444444
