0 0.624609375 0.7402777777777778 0.06953125 0.11944444444444445
0 0.683203125 0.6625 0.06328125 0.10555555555555556
0 0.5320312500000001 0.6722222222222223 0.05625 0.09722222222222222
0 0.60703125 0.5347222222222222 0.029687500000000002 0.05277777777777778
0 0.5140625 0.55 0.035937500000000004 0.06944444444444445
0 0.5515625000000001 0.5284722222222222 0.029687500000000002 0.05416666666666667
0 0.5671875000000001 0.4756944444444445 0.028125 0.043055555555555555
0 0.312109375 0.5638888888888889 0.049218750000000006 0.07222222222222223
0 0.30312500000000003 0.6652777777777779 0.0578125 0.11666666666666667
0 0.128515625 0.9006944444444445 0.13515625 0.1736111111111111
0 0.23007812500000002 0.9506944444444445 0.12734375 0.09583333333333334
0 0.35390625000000003 0.7569444444444444 0.06406250000000001 0.07777777777777778
0 0.599609375 0.6340277777777779 0.055468750000000004 0.06527777777777778
0 0.5339843750000001 0.47361111111111115 0.02421875 0.05
0 0.7308593750000001 0.5652777777777778 0.04609375 0.05555555555555556
0 0.6890625 0.5194444444444445 0.028125 0.058333333333333334
0 0.5984375000000001 0.45416666666666666 0.0234375 0.02777777777777778
0 0.5183593750000001 0.44236111111111115 0.017968750000000002 0.02361111111111111
0 0.543359375 0.43194444444444446 0.01640625 0.02777777777777778
