0 0.42421875000000003 0.55625 0.1078125 0.2569444444444445
0 0.540625 0.3506944444444445 0.0765625 0.12916666666666668
0 0.38007812500000004 0.14375000000000002 0.032031250000000004 0.059722222222222225
0 0.480078125 0.11041666666666668 0.030468750000000003 0.04027777777777778
0 0.8425781250000001 0.19097222222222224 0.08515625 0.09305555555555556
0 0.9753906250000001 0.4881944444444445 0.047656250000000004 0.1375
0 0.5578125 0.08611111111111111 0.045312500000000006 0.0638888888888889
0 0.599609375 0.035416666666666666 0.02890625 0.043055555555555555
0 0.44179687500000003 0.06736111111111111 0.022656250000000003 0.029166666666666667
0 0.408203125 0.06736111111111111 0.02421875 0.04027777777777778
0 0.470703125 0.02013888888888889 0.014843750000000001 0.029166666666666667
