0 0.340625 0.3527777777777778 0.078125 0.14444444444444446
0 0.478125 0.22291666666666668 0.0484375 0.09027777777777778
0 0.45859375 0.14722222222222223 0.035937500000000004 0.06944444444444445
0 0.431640625 0.08819444444444445 0.02421875 0.0375
0 0.673828125 0.3368055555555556 0.08515625 0.11805555555555557
0 0.74921875 0.29097222222222224 0.09531250000000001 0.10138888888888889
0 0.753125 0.1763888888888889 0.060937500000000006 0.0638888888888889
0 0.9203125000000001 0.6125 0.15781250000000002 0.28055555555555556
0 0.6804687500000001 0.1423611111111111 0.0390625 0.07916666666666666
0 0.6003906250000001 0.18611111111111112 0.06484375 0.11666666666666667
0 0.47382812500000004 0.08194444444444444 0.030468750000000003 0.044444444444444446
0 0.48359375000000004 0.04583333333333334 0.021875000000000002 0.025
0 0.45156250000000003 0.024305555555555556 0.018750000000000003 0.02361111111111111
0 0.389453125 0.05277777777777778 0.05078125 0.08888888888888889
0 0.48203125 0.022222222222222223 0.0140625 0.019444444444444445
0 0.648046875 0.016666666666666666 0.025781250000000002 0.02777777777777778
0 0.6804687500000001 0.01875 0.035937500000000004 0.0375
