0 0.6117187500000001 0.4986111111111111 0.096875 0.19166666666666668
0 0.564453125 0.24027777777777778 0.047656250000000004 0.09444444444444444
0 0.47968750000000004 0.23472222222222222 0.0484375 0.09166666666666667
0 0.401171875 0.17500000000000002 0.039843750000000004 0.08611111111111111
0 0.43789062500000003 0.11458333333333334 0.025781250000000002 0.043055555555555555
0 0.491796875 0.12638888888888888 0.032031250000000004 0.05277777777777778
0 0.536328125 0.10486111111111111 0.030468750000000003 0.04861111111111111
0 0.72578125 0.25833333333333336 0.0671875 0.08888888888888889
0 0.812109375 0.24375000000000002 0.08828125 0.09583333333333334
0 0.44960937500000003 0.07152777777777779 0.01640625 0.03194444444444445
0 0.9328125 0.6173611111111111 0.1328125 0.2847222222222222
0 0.9871093750000001 0.34375 0.02421875 0.07083333333333333
0 0.6355468750000001 0.12222222222222223 0.05234375 0.07777777777777778
0 0.655859375 0.03333333333333333 0.02421875 0.036111111111111115
0 0.525 0.034722222222222224 0.0203125 0.030555555555555558
