0 0.318359375 0.43333333333333335 0.08828125 0.18333333333333335
0 0.35664062500000004 0.6763888888888889 0.16484375 0.38333333333333336
0 0.4734375 0.3826388888888889 0.0765625 0.14583333333333334
0 0.46875 0.21319444444444446 0.045312500000000006 0.08750000000000001
0 0.42421875000000003 0.13472222222222222 0.037500000000000006 0.05277777777777778
0 0.4703125 0.09444444444444444 0.021875000000000002 0.04722222222222222
0 0.43671875000000004 0.08402777777777778 0.026562500000000003 0.04027777777777778
0 0.3953125 0.0763888888888889 0.025 0.030555555555555558
0 0.6859375000000001 0.2215277777777778 0.078125 0.09583333333333334
0 0.919921875 0.75625 0.13828125 0.32083333333333336
1 0.700390625 0.034722222222222224 0.06171875 0.06944444444444445
0 0.44843750000000004 0.03194444444444445 0.0234375 0.02777777777777778
0 0.48359375000000004 0.011805555555555555 0.0140625 0.018055555555555557
0 0.45937500000000003 0.008333333333333333 0.0125 0.01388888888888889
0 0.9011718750000001 0.40972222222222227 0.16328125000000002 0.17777777777777778
