0 0.521875 0.2659722222222222 0.045312500000000006 0.08194444444444444
0 0.5796875 0.22708333333333333 0.037500000000000006 0.0625
0 0.640234375 0.22916666666666669 0.05390625 0.07222222222222223
0 0.562109375 0.1763888888888889 0.030468750000000003 0.05
0 0.6046875 0.16180555555555556 0.03125 0.04027777777777778
0 0.5296875 0.17430555555555557 0.028125 0.043055555555555555
0 0.7132812500000001 0.19722222222222224 0.045312500000000006 0.05277777777777778
0 0.6726562500000001 0.12847222222222224 0.045312500000000006 0.05416666666666667
0 0.58125 0.14305555555555557 0.015625 0.025
0 0.5535156250000001 0.13680555555555557 0.01640625 0.02638888888888889
0 0.5242187500000001 0.15208333333333335 0.0171875 0.0375
0 0.52890625 0.11875000000000001 0.0171875 0.020833333333333336
0 0.546875 0.11111111111111112 0.0140625 0.03888888888888889
0 0.572265625 0.12083333333333333 0.013281250000000001 0.022222222222222223
