0 0.21875 0.46597222222222223 0.084375 0.11527777777777778
0 0.34375 0.4131944444444445 0.051562500000000004 0.09305555555555556
0 0.7289062500000001 0.39305555555555555 0.0703125 0.08888888888888889
0 0.37734375000000003 0.3284722222222222 0.035937500000000004 0.07916666666666666
0 0.31757812500000004 0.3 0.03671875 0.058333333333333334
0 0.40234375 0.24930555555555556 0.028125 0.04027777777777778
0 0.37343750000000003 0.21319444444444446 0.021875000000000002 0.029166666666666667
0 0.447265625 0.2076388888888889 0.02109375 0.03194444444444445
1 0.901953125 0.3597222222222222 0.16640625 0.20833333333333334
0 0.615234375 0.2701388888888889 0.04609375 0.0625
0 0.6828125 0.24791666666666667 0.05 0.059722222222222225
0 0.597265625 0.19375 0.014843750000000001 0.029166666666666667
0 0.02421875 0.7972222222222223 0.0484375 0.24166666666666667
0 0.42500000000000004 0.17777777777777778 0.015625 0.019444444444444445
0 0.39570312500000004 0.1798611111111111 0.017968750000000002 0.018055555555555557
0 0.44765625000000003 0.17569444444444446 0.010937500000000001 0.015277777777777779
