0 0.441015625 0.6555555555555556 0.09453125000000001 0.2111111111111111
0 0.40664062500000003 0.4083333333333333 0.057031250000000006 0.11388888888888889
0 0.46992187500000004 0.33472222222222225 0.04296875 0.07777777777777778
0 0.393359375 0.26875 0.02734375 0.043055555555555555
0 0.43085937500000004 0.2916666666666667 0.03359375 0.061111111111111116
0 0.46992187500000004 0.25416666666666665 0.01953125 0.04166666666666667
0 0.24453125 0.8361111111111111 0.18125000000000002 0.325
0 0.6429687500000001 0.5673611111111111 0.1 0.1375
1 0.757421875 0.45069444444444445 0.20234375000000002 0.31527777777777777
0 0.767578125 0.33263888888888893 0.049218750000000006 0.06805555555555556
0 0.630078125 0.24305555555555555 0.025781250000000002 0.02777777777777778
0 0.44062500000000004 0.25416666666666665 0.0203125 0.03333333333333333
0 0.413671875 0.23958333333333334 0.014843750000000001 0.029166666666666667
0 0.42578125 0.22222222222222224 0.015625 0.030555555555555558
0 0.44843750000000004 0.22569444444444445 0.021875000000000002 0.02361111111111111
0 0.47187500000000004 0.21805555555555556 0.0125 0.030555555555555558
