0 0.48867187500000003 0.6541666666666667 0.09140625000000001 0.12222222222222223
0 0.37812500000000004 0.6013888888888889 0.0625 0.10833333333333334
0 0.459765625 0.5201388888888889 0.05078125 0.09305555555555556
0 0.36835937500000004 0.43680555555555556 0.03671875 0.059722222222222225
0 0.41171875 0.43680555555555556 0.035937500000000004 0.051388888888888894
0 0.46015625000000004 0.4340277777777778 0.035937500000000004 0.04861111111111111
0 0.441015625 0.3875 0.02734375 0.044444444444444446
0 0.405078125 0.36458333333333337 0.017968750000000002 0.034722222222222224
0 0.12265625000000001 0.5173611111111112 0.06406250000000001 0.08750000000000001
0 0.18281250000000002 0.4430555555555556 0.0390625 0.05555555555555556
0 0.08750000000000001 0.8868055555555556 0.1609375 0.22361111111111112
0 0.022265625 0.8083333333333333 0.04296875 0.15555555555555556
0 0.026953125 0.607638888888889 0.05234375 0.13472222222222222
0 0.11484375000000001 0.6083333333333334 0.07968750000000001 0.09166666666666667
0 0.566015625 0.8104166666666667 0.025781250000000002 0.09583333333333334
0 0.550390625 0.5618055555555556 0.04296875 0.09027777777777778
0 0.53125 0.4131944444444445 0.0421875 0.04861111111111111
0 0.39375000000000004 0.38958333333333334 0.026562500000000003 0.02638888888888889
0 0.359375 0.3805555555555556 0.018750000000000003 0.03333333333333333
0 0.3796875 0.35000000000000003 0.0171875 0.022222222222222223
0 0.48359375000000004 0.37222222222222223 0.025 0.03333333333333333
