0 0.09296875 0.3354166666666667 0.065625 0.09861111111111112
0 0.158984375 0.2569444444444445 0.05859375 0.08611111111111111
0 0.41914062500000004 0.44722222222222224 0.10078125 0.18055555555555555
0 0.46914062500000003 0.2576388888888889 0.06328125 0.07916666666666666
0 0.548046875 0.23680555555555557 0.06484375 0.09027777777777778
0 0.508203125 0.16527777777777777 0.049218750000000006 0.06666666666666667
0 0.453125 0.18055555555555555 0.0421875 0.075
0 0.3984375 0.17430555555555557 0.040625 0.07083333333333333
0 0.46953125 0.12361111111111112 0.03125 0.04722222222222222
0 0.181640625 0.58125 0.12734375 0.22916666666666669
0 0.132421875 0.41250000000000003 0.07265625 0.12222222222222223
0 0.21835937500000002 0.2791666666666667 0.055468750000000004 0.08333333333333334
0 0.24921875000000002 0.38125000000000003 0.07187500000000001 0.10972222222222222
0 0.23046875 0.16111111111111112 0.0328125 0.07222222222222223
0 0.386328125 0.12569444444444444 0.02890625 0.0375
0 0.429296875 0.12152777777777778 0.03515625 0.051388888888888894
0 0.40937500000000004 0.07083333333333333 0.03125 0.05555555555555556
0 0.432421875 0.07916666666666666 0.022656250000000003 0.03888888888888889
0 0.503515625 0.08194444444444444 0.022656250000000003 0.03333333333333333
0 0.483203125 0.06458333333333334 0.017968750000000002 0.034722222222222224
