0 0.215625 0.6673611111111112 0.1 0.15694444444444444
0 0.564453125 0.7131944444444445 0.12421875 0.2847222222222222
0 0.4140625 0.5493055555555556 0.065625 0.11805555555555557
0 0.33515625000000004 0.3979166666666667 0.043750000000000004 0.05694444444444444
0 0.36445312500000004 0.32569444444444445 0.030468750000000003 0.04583333333333334
0 0.45351562500000003 0.32430555555555557 0.03359375 0.04583333333333334
0 0.766796875 0.5819444444444445 0.13828125 0.18055555555555555
0 0.7828125 0.47500000000000003 0.1078125 0.09444444444444444
0 0.437109375 0.2729166666666667 0.01640625 0.02638888888888889
0 0.955078125 0.5409722222222222 0.08828125 0.19583333333333333
0 0.5925781250000001 0.3770833333333333 0.06171875 0.06527777777777778
0 0.7156250000000001 0.3576388888888889 0.084375 0.09305555555555556
0 0.51796875 0.2833333333333333 0.029687500000000002 0.05
0 0.556640625 0.3180555555555556 0.03671875 0.03888888888888889
