0 0.7953125000000001 0.5736111111111112 0.11875000000000001 0.12222222222222223
0 0.14179687500000002 0.8652777777777778 0.16640625 0.25833333333333336
0 0.287109375 0.5354166666666667 0.06796875000000001 0.1625
0 0.16328125000000002 0.5111111111111112 0.0890625 0.11666666666666667
0 0.33632812500000003 0.37222222222222223 0.039843750000000004 0.0638888888888889
0 0.30703125000000003 0.3090277777777778 0.028125 0.05694444444444444
0 0.40625 0.29444444444444445 0.025 0.036111111111111115
0 0.34453125 0.2555555555555556 0.0203125 0.025
0 0.381640625 0.2569444444444445 0.01640625 0.030555555555555558
0 0.9789062500000001 0.5430555555555556 0.040625 0.1
0 0.9070312500000001 0.8805555555555555 0.184375 0.22222222222222224
0 0.554296875 0.46875 0.06328125 0.10972222222222222
0 0.56796875 0.32083333333333336 0.0421875 0.061111111111111116
0 0.594921875 0.2673611111111111 0.02890625 0.029166666666666667
0 0.4078125 0.24722222222222223 0.0203125 0.022222222222222223
0 0.544140625 0.24027777777777778 0.02109375 0.02777777777777778
0 0.49921875000000004 0.28125 0.03125 0.04027777777777778
1 0.69296875 0.31319444444444444 0.08125 0.09583333333333334
