0 0.663671875 0.7618055555555556 0.15234375 0.35694444444444445
0 0.951171875 0.38333333333333336 0.09609375 0.1638888888888889
0 0.36445312500000004 0.3159722222222222 0.06953125 0.12083333333333333
0 0.491796875 0.2729166666666667 0.049218750000000006 0.09861111111111112
0 0.5496093750000001 0.17500000000000002 0.03671875 0.058333333333333334
0 0.692578125 0.22361111111111112 0.06171875 0.06944444444444445
0 0.61328125 0.11666666666666667 0.034375 0.036111111111111115
0 0.43828125 0.15486111111111112 0.034375 0.04027777777777778
0 0.5007812500000001 0.12291666666666667 0.026562500000000003 0.04583333333333334
0 0.4546875 0.09791666666666667 0.021875000000000002 0.0375
0 0.055078125000000006 0.8770833333333333 0.11015625000000001 0.24305555555555555
0 0.7757812500000001 0.1423611111111111 0.09062500000000001 0.1125
0 0.64375 0.07916666666666666 0.037500000000000006 0.0638888888888889
0 0.531640625 0.09166666666666667 0.022656250000000003 0.044444444444444446
0 0.494921875 0.07222222222222223 0.030468750000000003 0.05
