0 0.74140625 0.5215277777777778 0.08281250000000001 0.08472222222222223
0 0.804296875 0.4305555555555556 0.06953125 0.05555555555555556
0 0.322265625 0.5736111111111112 0.07578125000000001 0.11944444444444445
0 0.28164062500000003 0.4513888888888889 0.06171875 0.08888888888888889
0 0.44453125000000004 0.39375 0.037500000000000006 0.05416666666666667
0 0.369140625 0.3423611111111111 0.02734375 0.04027777777777778
0 0.40859375000000003 0.34375 0.025 0.034722222222222224
0 0.448828125 0.3180555555555556 0.01953125 0.03333333333333333
0 0.64453125 0.48333333333333334 0.05625 0.09722222222222222
0 0.7937500000000001 0.9097222222222222 0.140625 0.17500000000000002
1 0.665234375 0.32222222222222224 0.06171875 0.07777777777777778
0 0.56796875 0.5236111111111111 0.08281250000000001 0.13333333333333333
0 0.6042968750000001 0.2972222222222222 0.022656250000000003 0.05
0 0.423828125 0.30486111111111114 0.01640625 0.02361111111111111
0 0.44570312500000003 0.28750000000000003 0.01015625 0.02777777777777778
0 0.43203125000000003 0.2777777777777778 0.0125 0.019444444444444445
