0 0.319140625 0.5111111111111112 0.10234375000000001 0.2138888888888889
0 0.38046875 0.2743055555555556 0.05625 0.08750000000000001
0 0.45351562500000003 0.25069444444444444 0.055468750000000004 0.10972222222222222
0 0.475390625 0.18472222222222223 0.04296875 0.061111111111111116
0 0.420703125 0.1451388888888889 0.030468750000000003 0.051388888888888894
0 0.47734375 0.10972222222222222 0.03125 0.04722222222222222
0 0.7074218750000001 0.15347222222222223 0.05078125 0.07083333333333333
0 0.6859375000000001 0.22847222222222224 0.065625 0.09027777777777778
0 0.887890625 0.8479166666666667 0.21015625000000002 0.2763888888888889
0 0.462890625 0.06319444444444444 0.01953125 0.0375
0 0.48125 0.043055555555555555 0.0140625 0.025
0 0.43984375000000003 0.034722222222222224 0.0125 0.022222222222222223
0 0.4578125 0.017361111111111112 0.0078125 0.018055555555555557
1 0.7820312500000001 0.08194444444444444 0.09062500000000001 0.11111111111111112
