0 0.16171875000000002 0.5631944444444444 0.11406250000000001 0.17916666666666667
0 0.32148437500000004 0.4861111111111111 0.07890625000000001 0.13333333333333333
0 0.36835937500000004 0.3715277777777778 0.057031250000000006 0.11805555555555557
0 0.292578125 0.34444444444444444 0.05859375 0.09166666666666667
0 0.390625 0.28194444444444444 0.0390625 0.05277777777777778
0 0.362890625 0.2388888888888889 0.030468750000000003 0.05277777777777778
0 0.68515625 0.37569444444444444 0.065625 0.12083333333333333
0 0.44062500000000004 0.24166666666666667 0.035937500000000004 0.058333333333333334
0 0.415625 0.2 0.015625 0.03333333333333333
1 0.8542968750000001 0.32708333333333334 0.16328125000000002 0.17083333333333334
0 0.6707031250000001 0.2555555555555556 0.047656250000000004 0.0638888888888889
0 0.595703125 0.26666666666666666 0.04609375 0.06944444444444445
0 0.43984375000000003 0.1951388888888889 0.015625 0.018055555555555557
0 0.5906250000000001 0.20277777777777778 0.03125 0.036111111111111115
0 0.4390625 0.17500000000000002 0.0140625 0.016666666666666666
