0 0.41250000000000003 0.6541666666666667 0.09062500000000001 0.17777777777777778
0 0.54296875 0.6576388888888889 0.1046875 0.1875
0 0.44570312500000003 0.4118055555555556 0.047656250000000004 0.09027777777777778
0 0.51875 0.375 0.045312500000000006 0.09166666666666667
0 0.389453125 0.36597222222222225 0.03515625 0.07361111111111111
0 0.45 0.3041666666666667 0.021875000000000002 0.05277777777777778
0 0.156640625 0.3854166666666667 0.04296875 0.09027777777777778
0 0.13398437500000002 0.5326388888888889 0.07890625000000001 0.14583333333333334
0 0.046484375 0.945138888888889 0.08984375 0.10416666666666667
0 0.225 0.32430555555555557 0.046875 0.05694444444444444
0 0.59296875 0.5625 0.040625 0.11388888888888889
0 0.8050781250000001 0.5118055555555556 0.02890625 0.09583333333333334
0 0.400390625 0.3145833333333333 0.02734375 0.04027777777777778
0 0.41484375 0.28958333333333336 0.025 0.051388888888888894
0 0.551953125 0.31875000000000003 0.025781250000000002 0.029166666666666667
0 0.5328125 0.29444444444444445 0.0234375 0.02777777777777778
0 0.512109375 0.2729166666666667 0.02734375 0.034722222222222224
0 0.43828125 0.25833333333333336 0.026562500000000003 0.03888888888888889
0 0.41171875 0.24861111111111112 0.0125 0.03333333333333333
