0 0.728515625 0.39722222222222225 0.10859375 0.15833333333333333
0 0.594140625 0.3506944444444445 0.06953125 0.10694444444444445
0 0.491796875 0.48888888888888893 0.09296875 0.18333333333333335
0 0.23945312500000002 0.30972222222222223 0.06484375 0.08888888888888889
0 0.5496093750000001 0.23402777777777778 0.04296875 0.06805555555555556
0 0.6003906250000001 0.19097222222222224 0.041406250000000006 0.0625
0 0.5066406250000001 0.21180555555555555 0.03515625 0.059722222222222225
0 0.53671875 0.15208333333333335 0.025 0.04861111111111111
0 0.503515625 0.12638888888888888 0.02421875 0.030555555555555558
0 0.9046875000000001 0.3402777777777778 0.11406250000000001 0.1277777777777778
0 0.036328125 0.5416666666666667 0.07265625 0.11111111111111112
0 0.29296875 0.4701388888888889 0.09375 0.16805555555555557
0 0.29335937500000003 0.3277777777777778 0.05234375 0.08333333333333334
0 0.5730468750000001 0.16666666666666669 0.022656250000000003 0.03888888888888889
0 0.5640625 0.14375000000000002 0.018750000000000003 0.03194444444444445
0 0.558203125 0.12291666666666667 0.017968750000000002 0.02638888888888889
0 0.6488281250000001 0.11736111111111111 0.04453125 0.059722222222222225
0 0.52578125 0.10972222222222222 0.015625 0.036111111111111115
0 0.5066406250000001 0.11041666666666668 0.01640625 0.04027777777777778
0 0.5476562500000001 0.10138888888888889 0.0125 0.030555555555555558
