0 0.13359375 0.7423611111111111 0.12812500000000002 0.23194444444444445
0 0.55859375 0.6743055555555556 0.109375 0.2013888888888889
0 0.39179687500000004 0.4131944444444445 0.05234375 0.07083333333333333
0 0.45703125 0.4236111111111111 0.0484375 0.08611111111111111
0 0.515234375 0.40347222222222223 0.04609375 0.08472222222222223
0 0.42304687500000004 0.32708333333333334 0.03515625 0.04861111111111111
0 0.478125 0.3215277777777778 0.029687500000000002 0.0625
0 0.377734375 0.3111111111111111 0.02734375 0.04722222222222222
0 0.14296875 0.3763888888888889 0.051562500000000004 0.06944444444444445
0 0.43085937500000004 0.2729166666666667 0.022656250000000003 0.04027777777777778
0 0.028125 0.4916666666666667 0.05625 0.13333333333333333
0 0.15585937500000002 0.47222222222222227 0.05859375 0.10833333333333334
0 0.21250000000000002 0.32222222222222224 0.0328125 0.03888888888888889
0 0.6101562500000001 0.38125000000000003 0.037500000000000006 0.06527777777777778
0 0.403125 0.2611111111111111 0.018750000000000003 0.03888888888888889
0 0.39296875000000003 0.28541666666666665 0.0171875 0.018055555555555557
0 0.52265625 0.29305555555555557 0.0171875 0.02777777777777778
0 0.198046875 0.3909722222222222 0.02890625 0.05694444444444444
