0 0.653515625 0.5118055555555556 0.11015625000000001 0.1736111111111111
0 0.51875 0.5145833333333334 0.0890625 0.15694444444444444
0 0.21484375 0.4916666666666667 0.1203125 0.17777777777777778
0 0.511328125 0.19722222222222224 0.03828125 0.058333333333333334
0 0.559765625 0.17569444444444446 0.03515625 0.059722222222222225
0 0.6058593750000001 0.17291666666666666 0.03515625 0.06527777777777778
0 0.58203125 0.11944444444444445 0.0234375 0.044444444444444446
0 0.59765625 0.8090277777777778 0.16562500000000002 0.2569444444444445
0 0.659375 0.13958333333333334 0.0421875 0.043055555555555555
0 0.54609375 0.13680555555555557 0.0171875 0.018055555555555557
0 0.520703125 0.14027777777777778 0.014843750000000001 0.022222222222222223
0 0.511328125 0.1277777777777778 0.013281250000000001 0.025
0 0.538671875 0.11458333333333334 0.014843750000000001 0.02638888888888889
0 0.519140625 0.09444444444444444 0.022656250000000003 0.030555555555555558
0 0.382421875 0.3375 0.039843750000000004 0.09444444444444444
0 0.31796875 0.28541666666666665 0.053125000000000006 0.0763888888888889
0 0.55234375 0.07916666666666666 0.009375000000000001 0.019444444444444445
