0 0.6804687500000001 0.7361111111111112 0.1875 0.3388888888888889
0 0.5359375000000001 0.3194444444444445 0.08125 0.17500000000000002
0 0.57578125 0.19375 0.060937500000000006 0.12361111111111112
0 0.939453125 0.2791666666666667 0.11953125 0.14444444444444446
0 0.68671875 0.12152777777777778 0.06406250000000001 0.07083333333333333
0 0.5375 0.08472222222222223 0.0421875 0.08888888888888889
0 0.41875 0.05694444444444444 0.037500000000000006 0.07777777777777778
0 0.49453125000000003 0.01875 0.028125 0.0375
0 0.4421875 0.014583333333333334 0.025 0.029166666666666667
0 0.437109375 0.8215277777777779 0.18671875000000002 0.19305555555555556
0 0.969921875 0.6319444444444444 0.05390625 0.19444444444444445
0 0.6136718750000001 0.013194444444444444 0.03359375 0.02638888888888889
