0 0.35781250000000003 0.4986111111111111 0.065625 0.125
0 0.45 0.5118055555555556 0.0671875 0.1125
0 0.517578125 0.47708333333333336 0.05859375 0.10694444444444445
0 0.396484375 0.3701388888888889 0.03515625 0.06805555555555556
0 0.459765625 0.3513888888888889 0.04453125 0.07222222222222223
0 0.05625 0.4256944444444445 0.065625 0.11527777777777778
0 0.14570312500000002 0.34375 0.039843750000000004 0.059722222222222225
0 0.3484375 0.3402777777777778 0.03125 0.05
0 0.40273437500000003 0.2923611111111111 0.025781250000000002 0.043055555555555555
0 0.027734375000000002 0.6576388888888889 0.055468750000000004 0.17083333333333334
0 0.178125 0.5534722222222223 0.0625 0.08472222222222223
0 0.151171875 0.4173611111111111 0.049218750000000006 0.08194444444444444
0 0.35781250000000003 0.3013888888888889 0.021875000000000002 0.030555555555555558
0 0.37343750000000003 0.2791666666666667 0.0171875 0.022222222222222223
0 0.366796875 0.26319444444444445 0.01640625 0.02638888888888889
0 0.394140625 0.2604166666666667 0.013281250000000001 0.018055555555555557
0 0.499609375 0.3159722222222222 0.02734375 0.02638888888888889
0 0.48164062500000004 0.2986111111111111 0.01640625 0.022222222222222223
0 0.46992187500000004 0.28194444444444444 0.02421875 0.02777777777777778
0 0.43359375 0.25069444444444444 0.015625 0.02361111111111111
0 0.384765625 0.2465277777777778 0.014843750000000001 0.015277777777777779
