0 0.30312500000000003 0.33263888888888893 0.0921875 0.17916666666666667
0 0.43515625 0.35833333333333334 0.1015625 0.17777777777777778
0 0.441015625 0.11041666666666668 0.04296875 0.10694444444444445
0 0.390625 0.07361111111111111 0.0421875 0.08888888888888889
0 0.447265625 0.02847222222222222 0.03671875 0.051388888888888894
0 0.8503906250000001 0.12569444444444444 0.09609375 0.10138888888888889
0 0.892578125 0.29375 0.16640625 0.17916666666666667
0 0.7742187500000001 0.3729166666666667 0.11093750000000001 0.15416666666666667
0 0.60703125 0.2555555555555556 0.0921875 0.14166666666666666
0 0.4140625 0.011805555555555555 0.0203125 0.02361111111111111
0 0.374609375 0.013194444444444444 0.03671875 0.02638888888888889
0 0.61484375 0.035416666666666666 0.029687500000000002 0.05416666666666667
0 0.6765625000000001 0.015972222222222224 0.0390625 0.03194444444444445
