0 0.169921875 0.37986111111111115 0.05078125 0.08472222222222223
0 0.523046875 0.46458333333333335 0.09609375 0.14027777777777778
0 0.634375 0.46111111111111114 0.1 0.13055555555555556
0 0.5710937500000001 0.34305555555555556 0.0625 0.08888888888888889
0 0.491015625 0.34097222222222223 0.05234375 0.08194444444444444
0 0.427734375 0.31875000000000003 0.05078125 0.07916666666666666
0 0.503515625 0.26458333333333334 0.04453125 0.0625
0 0.404296875 0.22777777777777777 0.02734375 0.04166666666666667
0 0.215234375 0.3236111111111111 0.057031250000000006 0.058333333333333334
0 0.48554687500000004 0.8534722222222223 0.20078125000000002 0.23750000000000002
0 0.11210937500000001 0.9027777777777778 0.18359375 0.18055555555555555
0 0.2078125 0.4291666666666667 0.065625 0.10277777777777779
0 0.46523437500000003 0.27083333333333337 0.03828125 0.05
0 0.45546875000000003 0.23611111111111113 0.029687500000000002 0.036111111111111115
0 0.46406250000000004 0.20694444444444446 0.0171875 0.03888888888888889
0 0.43789062500000003 0.20277777777777778 0.03828125 0.07222222222222223
0 0.536328125 0.20833333333333334 0.022656250000000003 0.044444444444444446
