0 0.48476562500000003 0.2576388888888889 0.06796875000000001 0.1486111111111111
0 0.38593750000000004 0.18333333333333335 0.05625 0.10277777777777779
0 0.765234375 0.21875 0.09609375 0.09305555555555556
0 0.56640625 0.10486111111111111 0.0484375 0.10694444444444445
0 0.49453125000000003 0.0638888888888889 0.0390625 0.058333333333333334
0 0.950390625 0.16111111111111112 0.09765625 0.13611111111111113
0 0.776953125 0.04166666666666667 0.08359375000000001 0.06944444444444445
0 0.6292968750000001 0.021527777777777778 0.03359375 0.043055555555555555
0 0.55078125 0.03333333333333333 0.026562500000000003 0.036111111111111115
0 0.5015625 0.01875 0.03125 0.034722222222222224
