0 0.369140625 0.5006944444444444 0.06796875000000001 0.12083333333333333
0 0.46210937500000004 0.45069444444444445 0.049218750000000006 0.08750000000000001
0 0.43007812500000003 0.33611111111111114 0.030468750000000003 0.058333333333333334
0 0.847265625 0.39375 0.06796875000000001 0.07361111111111111
0 0.47500000000000003 0.29583333333333334 0.021875000000000002 0.036111111111111115
0 0.41445312500000003 0.2590277777777778 0.01640625 0.018055555555555557
0 0.060937500000000006 0.8375 0.12187500000000001 0.30833333333333335
0 0.21210937500000002 0.89375 0.15546875000000002 0.20972222222222223
0 0.798828125 0.48750000000000004 0.08359375000000001 0.11388888888888889
0 0.91796875 0.6104166666666667 0.1625 0.2763888888888889
0 0.6472656250000001 0.2659722222222222 0.02109375 0.03194444444444445
0 0.601171875 0.23055555555555557 0.04453125 0.05555555555555556
0 0.44375000000000003 0.27847222222222223 0.0140625 0.03194444444444445
0 0.448046875 0.2534722222222222 0.01171875 0.02361111111111111
0 0.47695312500000003 0.24930555555555556 0.01640625 0.034722222222222224
0 0.42695312500000004 0.23541666666666666 0.01171875 0.02361111111111111
0 0.44765625000000003 0.20555555555555557 0.009375000000000001 0.019444444444444445
