0 0.248046875 0.7895833333333334 0.13984375000000002 0.30694444444444446
0 0.4265625 0.5354166666666667 0.0703125 0.1763888888888889
0 0.224609375 0.4701388888888889 0.07265625 0.10972222222222222
0 0.34804687500000003 0.45416666666666666 0.05859375 0.13055555555555556
0 0.366015625 0.35833333333333334 0.04296875 0.05555555555555556
0 0.44140625 0.3375 0.037500000000000006 0.05277777777777778
0 0.33984375 0.2972222222222222 0.03125 0.03888888888888889
0 0.401171875 0.2791666666666667 0.02734375 0.036111111111111115
0 0.648046875 0.33263888888888893 0.04609375 0.059722222222222225
0 0.6976562500000001 0.4791666666666667 0.09531250000000001 0.1
0 0.39140625 0.21458333333333335 0.015625 0.020833333333333336
0 0.72421875 0.7729166666666667 0.1921875 0.2902777777777778
0 0.636328125 0.23333333333333334 0.03359375 0.05277777777777778
0 0.551171875 0.3597222222222222 0.08046875 0.13055555555555556
0 0.58984375 0.20555555555555557 0.03125 0.036111111111111115
0 0.446875 0.26944444444444443 0.0203125 0.036111111111111115
0 0.41171875 0.2388888888888889 0.015625 0.036111111111111115
0 0.43789062500000003 0.2423611111111111 0.017968750000000002 0.02638888888888889
0 0.45039062500000004 0.22083333333333335 0.01171875 0.022222222222222223
0 0.95859375 0.6 0.08125 0.15555555555555556
0 0.41953125 0.20486111111111113 0.018750000000000003 0.020833333333333336
