0 0.76484375 0.6180555555555556 0.14375000000000002 0.2
0 0.5867187500000001 0.43680555555555556 0.0671875 0.11527777777777778
0 0.6550781250000001 0.36458333333333337 0.06171875 0.09027777777777778
0 0.49843750000000003 0.5395833333333333 0.0859375 0.17916666666666667
0 0.19609375 0.5548611111111111 0.12187500000000001 0.1763888888888889
0 0.500390625 0.30833333333333335 0.03359375 0.07222222222222223
0 0.55078125 0.3138888888888889 0.0484375 0.07777777777777778
0 0.589453125 0.2548611111111111 0.04296875 0.05694444444444444
0 0.550390625 0.20486111111111113 0.02421875 0.03194444444444445
0 0.503515625 0.21041666666666667 0.017968750000000002 0.029166666666666667
0 0.327734375 0.5673611111111111 0.08671875000000001 0.1625
0 0.5125000000000001 0.9284722222222223 0.19062500000000002 0.13472222222222222
0 0.375 0.4201388888888889 0.0578125 0.10138888888888889
0 0.677734375 0.21805555555555556 0.06796875000000001 0.08888888888888889
0 0.544921875 0.2576388888888889 0.03359375 0.051388888888888894
0 0.505078125 0.25 0.02734375 0.058333333333333334
0 0.527734375 0.20208333333333334 0.017968750000000002 0.03194444444444445
0 0.53515625 0.17430555555555557 0.0125 0.015277777777777779
