0 0.28125 0.5243055555555556 0.1296875 0.24027777777777778
0 0.49609375 0.44583333333333336 0.09531250000000001 0.23333333333333334
0 0.6859375000000001 0.7659722222222223 0.2 0.39583333333333337
0 0.55078125 0.11111111111111112 0.028125 0.044444444444444446
0 0.416015625 0.12638888888888888 0.03515625 0.075
0 0.92890625 0.22222222222222224 0.10312500000000001 0.12222222222222223
0 0.401171875 0.875 0.16015625 0.2138888888888889
0 0.6664062500000001 0.13194444444444445 0.05625 0.0638888888888889
0 0.6058593750000001 0.04583333333333334 0.041406250000000006 0.044444444444444446
0 0.5398437500000001 0.05347222222222223 0.0328125 0.04583333333333334
1 0.475390625 0.17500000000000002 0.07890625000000001 0.24444444444444446
