0 0.44921875 0.5493055555555556 0.1078125 0.26805555555555555
0 0.30117187500000003 0.41805555555555557 0.11015625000000001 0.2111111111111111
0 0.40937500000000004 0.2659722222222222 0.0625 0.10694444444444445
0 0.290625 0.20208333333333334 0.0578125 0.08472222222222223
0 0.394140625 0.15833333333333333 0.04609375 0.06666666666666667
0 0.66796875 0.1701388888888889 0.0578125 0.09027777777777778
0 0.7722656250000001 0.09305555555555556 0.05234375 0.05555555555555556
0 0.42617187500000003 0.05763888888888889 0.02734375 0.04027777777777778
0 0.8453125 0.4416666666666667 0.1296875 0.18611111111111112
1 0.6761718750000001 0.022222222222222223 0.05234375 0.044444444444444446
0 0.474609375 0.025694444444444447 0.02109375 0.034722222222222224
0 0.4453125 0.00625 0.0140625 0.0125
