0 0.274609375 0.3784722222222222 0.08515625 0.15416666666666667
0 0.49140625000000004 0.1763888888888889 0.045312500000000006 0.07777777777777778
0 0.38398437500000004 0.09236111111111112 0.030468750000000003 0.05694444444444444
0 0.6863281250000001 0.24861111111111112 0.08359375000000001 0.08888888888888889
0 0.44257812500000004 0.07083333333333333 0.02734375 0.05
0 0.722265625 0.15486111111111112 0.09296875 0.09305555555555556
0 0.818359375 0.05625 0.08046875 0.08750000000000001
0 0.9167968750000001 0.6236111111111111 0.16484375 0.36944444444444446
0 0.479296875 0.0125 0.01953125 0.025
0 0.560546875 0.020833333333333336 0.057031250000000006 0.02777777777777778
