0 0.225390625 0.6756944444444445 0.16953125000000002 0.32083333333333336
0 0.47109375000000003 0.5416666666666667 0.1 0.24166666666666667
0 0.46406250000000004 0.26875 0.0578125 0.12083333333333333
0 0.7015625000000001 0.34097222222222223 0.0921875 0.10694444444444445
0 0.7171875000000001 0.19652777777777777 0.06406250000000001 0.06805555555555556
0 0.396484375 0.17708333333333334 0.049218750000000006 0.08750000000000001
0 0.459765625 0.12569444444444444 0.02890625 0.05694444444444444
0 0.425390625 0.09166666666666667 0.032031250000000004 0.044444444444444446
0 0.369140625 0.09166666666666667 0.032031250000000004 0.04166666666666667
0 0.44062500000000004 0.027083333333333334 0.018750000000000003 0.02638888888888889
0 0.972265625 0.23333333333333334 0.05390625 0.11111111111111112
1 0.6882812500000001 0.02847222222222222 0.05 0.051388888888888894
0 0.828125 0.6597222222222222 0.178125 0.3472222222222222
0 0.24609375 0.9777777777777779 0.146875 0.04166666666666667
0 0.47890625000000003 0.009027777777777779 0.0171875 0.015277777777777779
0 0.455078125 0.004861111111111111 0.01171875 0.009722222222222222
