0 0.41250000000000003 0.6166666666666667 0.08281250000000001 0.22222222222222224
0 0.35625 0.34444444444444444 0.0546875 0.075
0 0.448046875 0.34861111111111115 0.04453125 0.08055555555555556
0 0.525 0.31319444444444444 0.0421875 0.07083333333333333
0 0.46601562500000004 0.22777777777777777 0.02421875 0.03888888888888889
0 0.780859375 0.41805555555555557 0.09140625000000001 0.075
0 0.899609375 0.28611111111111115 0.07578125000000001 0.07222222222222223
0 0.516796875 0.24097222222222223 0.03359375 0.051388888888888894
0 0.43203125000000003 0.19583333333333333 0.0203125 0.03333333333333333
0 0.984375 0.9256944444444445 0.029687500000000002 0.1375
0 0.780859375 0.3041666666666667 0.08046875 0.09722222222222222
0 0.6531250000000001 0.3423611111111111 0.06875 0.12638888888888888
0 0.5765625 0.21319444444444446 0.03125 0.05694444444444444
0 0.471484375 0.18680555555555556 0.01953125 0.0375
0 0.509765625 0.19375 0.025781250000000002 0.04027777777777778
0 0.448046875 0.16111111111111112 0.01640625 0.02777777777777778
0 0.471484375 0.15486111111111112 0.014843750000000001 0.02361111111111111
