0 0.258984375 0.7763888888888889 0.12265625000000001 0.29444444444444445
0 0.3640625 0.4534722222222222 0.05 0.08472222222222223
0 0.3328125 0.37569444444444444 0.043750000000000004 0.07083333333333333
0 0.73984375 0.6055555555555556 0.11093750000000001 0.12222222222222223
0 0.921484375 0.4902777777777778 0.11328125 0.08055555555555556
0 0.675390625 0.44097222222222227 0.06015625 0.07083333333333333
0 0.451953125 0.34652777777777777 0.02890625 0.04861111111111111
0 0.3875 0.30347222222222225 0.0203125 0.02361111111111111
0 0.42500000000000004 0.30625 0.015625 0.034722222222222224
0 0.06875 0.7590277777777779 0.13593750000000002 0.27361111111111114
1 0.6996093750000001 0.32430555555555557 0.06640625 0.1125
0 0.650390625 0.7256944444444444 0.09609375 0.15694444444444444
0 0.6265625 0.29305555555555557 0.026562500000000003 0.04166666666666667
0 0.5906250000000001 0.3298611111111111 0.0421875 0.06527777777777778
0 0.45742187500000003 0.2902777777777778 0.014843750000000001 0.030555555555555558
0 0.43789062500000003 0.27847222222222223 0.01640625 0.02361111111111111
0 0.453125 0.2604166666666667 0.010937500000000001 0.02361111111111111
