0 0.483984375 0.39375 0.07578125000000001 0.15694444444444444
0 0.81640625 0.2798611111111111 0.078125 0.09583333333333334
0 0.56171875 0.23958333333333334 0.046875 0.07083333333333333
0 0.43476562500000004 0.17083333333333334 0.02890625 0.05555555555555556
0 0.5027343750000001 0.14375000000000002 0.02734375 0.04583333333333334
0 0.53671875 0.11111111111111112 0.0234375 0.03888888888888889
0 0.6082031250000001 0.1125 0.02890625 0.044444444444444446
0 0.46171875 0.10555555555555556 0.021875000000000002 0.036111111111111115
0 0.5046875000000001 0.08541666666666667 0.021875000000000002 0.029166666666666667
0 0.9417968750000001 0.6756944444444445 0.11484375000000001 0.28750000000000003
0 0.96875 0.34305555555555556 0.060937500000000006 0.10555555555555556
0 0.6785156250000001 0.22222222222222224 0.06796875000000001 0.11666666666666667
0 0.765234375 0.15069444444444444 0.06953125 0.09305555555555556
0 0.6492187500000001 0.07083333333333333 0.0328125 0.05
1 0.33437500000000003 0.33333333333333337 0.16718750000000002 0.33055555555555555
