0 0.6312500000000001 0.7631944444444445 0.1125 0.1625
0 0.5125000000000001 0.6201388888888889 0.0625 0.11805555555555557
0 0.5921875 0.5840277777777778 0.0765625 0.11805555555555557
0 0.566796875 0.4951388888888889 0.055468750000000004 0.08472222222222223
0 0.628515625 0.48055555555555557 0.05390625 0.07222222222222223
0 0.48867187500000003 0.48194444444444445 0.03359375 0.06944444444444445
0 0.537109375 0.41805555555555557 0.030468750000000003 0.04722222222222222
0 0.499609375 0.42430555555555555 0.02734375 0.04861111111111111
0 0.28515625 0.4729166666666667 0.045312500000000006 0.0763888888888889
0 0.577734375 0.4236111111111111 0.039843750000000004 0.058333333333333334
0 0.5183593750000001 0.3715277777777778 0.022656250000000003 0.04027777777777778
0 0.733984375 0.6604166666666667 0.07265625 0.13472222222222222
0 0.229296875 0.9118055555555555 0.18359375 0.1736111111111111
0 0.051562500000000004 0.9145833333333334 0.096875 0.16527777777777777
0 0.024609375000000003 0.7569444444444444 0.047656250000000004 0.11388888888888889
0 0.25820312500000003 0.6180555555555556 0.06953125 0.1277777777777778
0 0.328125 0.4416666666666667 0.034375 0.0638888888888889
0 0.5535156250000001 0.375 0.013281250000000001 0.03333333333333333
0 0.6273437500000001 0.3888888888888889 0.026562500000000003 0.030555555555555558
