0 0.38007812500000004 0.27708333333333335 0.05390625 0.09027777777777778
0 0.49296875 0.1951388888888889 0.0390625 0.0625
0 0.6984375 0.24305555555555555 0.0671875 0.06944444444444445
0 0.498046875 0.12986111111111112 0.025781250000000002 0.04027777777777778
0 0.529296875 0.10138888888888889 0.02109375 0.025
0 0.941015625 0.16319444444444445 0.06171875 0.09027777777777778
0 0.7449218750000001 0.13680555555555557 0.09765625 0.09861111111111112
0 0.5906250000000001 0.09444444444444444 0.034375 0.04722222222222222
0 0.6238281250000001 0.08263888888888889 0.02109375 0.043055555555555555
0 0.50234375 0.06944444444444445 0.0203125 0.025
0 0.433203125 0.11944444444444445 0.05234375 0.13611111111111113
0 0.52265625 0.05763888888888889 0.0125 0.020833333333333336
0 0.6421875 0.02291666666666667 0.028125 0.0375
