0 0.47304687500000003 0.7201388888888889 0.13359375 0.4041666666666667
0 0.330859375 0.5409722222222222 0.12890625 0.23194444444444445
0 0.6335937500000001 0.23472222222222222 0.0625 0.125
0 0.50390625 0.1840277777777778 0.045312500000000006 0.08194444444444444
0 0.560546875 0.14930555555555555 0.03515625 0.059722222222222225
0 0.570703125 0.08125 0.025781250000000002 0.04583333333333334
0 0.62109375 0.08055555555555556 0.03125 0.04166666666666667
0 0.9390625 0.2611111111111111 0.10625000000000001 0.11111111111111112
0 0.72578125 0.857638888888889 0.2 0.28194444444444444
0 0.93515625 0.5 0.1265625 0.25
0 0.749609375 0.1625 0.08515625 0.11388888888888889
0 0.5867187500000001 0.02361111111111111 0.026562500000000003 0.04722222222222222
0 0.6171875 0.043750000000000004 0.028125 0.03194444444444445
0 0.7156250000000001 0.03263888888888889 0.035937500000000004 0.059722222222222225
0 0.6722656250000001 0.035416666666666666 0.02734375 0.04583333333333334
