0 0.121484375 0.6236111111111111 0.10703125000000001 0.11666666666666667
0 0.18476562500000002 0.7256944444444444 0.10546875 0.1763888888888889
0 0.526953125 0.7583333333333334 0.10859375 0.19166666666666668
0 0.6453125000000001 0.7166666666666667 0.1078125 0.14166666666666666
0 0.6265625 0.5777777777777778 0.0859375 0.11944444444444445
0 0.498828125 0.5215277777777778 0.06328125 0.09861111111111112
0 0.591796875 0.44097222222222227 0.041406250000000006 0.0625
0 0.5046875000000001 0.4354166666666667 0.0390625 0.0625
0 0.5476562500000001 0.43819444444444444 0.034375 0.05694444444444444
0 0.523828125 0.3763888888888889 0.02890625 0.04722222222222222
0 0.31757812500000004 0.4444444444444445 0.03671875 0.06944444444444445
0 0.5609375 0.3819444444444445 0.0234375 0.04166666666666667
0 0.29531250000000003 0.7368055555555556 0.10625000000000001 0.1625
0 0.7113281250000001 0.96875 0.12734375 0.059722222222222225
0 0.31367187500000004 0.5201388888888889 0.047656250000000004 0.06527777777777778
0 0.498046875 0.3715277777777778 0.017968750000000002 0.0375
0 0.516015625 0.3479166666666667 0.017968750000000002 0.03194444444444445
0 0.63828125 0.39166666666666666 0.026562500000000003 0.03888888888888889
0 0.6160156250000001 0.3611111111111111 0.01953125 0.036111111111111115
0 0.5378906250000001 0.34444444444444444 0.017968750000000002 0.044444444444444446
0 0.343359375 0.4041666666666667 0.017968750000000002 0.02777777777777778
