0 0.32343750000000004 0.6611111111111111 0.1078125 0.25833333333333336
0 0.7289062500000001 0.5 0.0921875 0.11666666666666667
0 0.61328125 0.4847222222222222 0.0703125 0.10555555555555556
0 0.46210937500000004 0.40972222222222227 0.04609375 0.08333333333333334
0 0.69453125 0.2652777777777778 0.034375 0.03888888888888889
0 0.944921875 0.40208333333333335 0.10859375 0.11527777777777778
0 0.362890625 0.2951388888888889 0.025781250000000002 0.0375
0 0.4109375 0.3145833333333333 0.0328125 0.043055555555555555
0 0.4265625 0.26875 0.021875000000000002 0.04583333333333334
0 0.38593750000000004 0.25277777777777777 0.0203125 0.02777777777777778
0 0.408984375 0.2263888888888889 0.014843750000000001 0.019444444444444445
1 0.6238281250000001 0.3138888888888889 0.09296875 0.17500000000000002
0 0.45742187500000003 0.2604166666666667 0.02421875 0.05694444444444444
0 0.4375 0.22847222222222224 0.0125 0.015277777777777779
0 0.42578125 0.19791666666666669 0.010937500000000001 0.0125
0 0.46406250000000004 0.21666666666666667 0.010937500000000001 0.025
0 0.59765625 0.20972222222222223 0.018750000000000003 0.022222222222222223
