0 0.28554687500000003 0.5972222222222222 0.10703125000000001 0.22222222222222224
0 0.43984375000000003 0.5770833333333334 0.096875 0.20694444444444446
0 0.708203125 0.4361111111111111 0.09453125000000001 0.1277777777777778
0 0.650390625 0.2569444444444445 0.05390625 0.07222222222222223
0 0.43671875000000004 0.3805555555555556 0.0578125 0.11666666666666667
0 0.38007812500000004 0.3090277777777778 0.04609375 0.08750000000000001
0 0.33671875 0.2520833333333333 0.040625 0.0625
0 0.45625000000000004 0.2659722222222222 0.035937500000000004 0.059722222222222225
0 0.40859375000000003 0.22430555555555556 0.029687500000000002 0.05416666666666667
0 0.45742187500000003 0.2125 0.03359375 0.05277777777777778
0 0.7839843750000001 0.3819444444444445 0.09296875 0.10277777777777779
0 0.421484375 0.19305555555555556 0.01953125 0.03333333333333333
0 0.455078125 0.15486111111111112 0.013281250000000001 0.029166666666666667
0 0.43867187500000004 0.17430555555555557 0.01953125 0.0375
0 0.9476562500000001 0.37430555555555556 0.1 0.12638888888888888
0 0.640625 0.17777777777777778 0.03125 0.04166666666666667
