0 0.270703125 0.6486111111111111 0.09140625000000001 0.14722222222222223
0 0.33203125 0.48194444444444445 0.0484375 0.10277777777777779
0 0.25625000000000003 0.4652777777777778 0.05625 0.08333333333333334
0 0.36796875 0.38472222222222224 0.0328125 0.05555555555555556
0 0.62890625 0.4166666666666667 0.0484375 0.05
0 0.34218750000000003 0.3354166666666667 0.0234375 0.04583333333333334
0 0.42226562500000003 0.32916666666666666 0.017968750000000002 0.03333333333333333
0 0.06015625 0.7840277777777778 0.1171875 0.2569444444444445
1 0.77890625 0.38819444444444445 0.125 0.1736111111111111
0 0.6277343750000001 0.3263888888888889 0.03671875 0.05
0 0.36445312500000004 0.2923611111111111 0.01953125 0.02638888888888889
0 0.40273437500000003 0.2951388888888889 0.02421875 0.0375
0 0.425390625 0.29097222222222224 0.01015625 0.02638888888888889
0 0.565625 0.2923611111111111 0.021875000000000002 0.0375
0 0.56015625 0.3340277777777778 0.029687500000000002 0.034722222222222224
0 0.692578125 0.7451388888888889 0.14453125 0.1902777777777778
0 0.42578125 0.26458333333333334 0.0078125 0.015277777777777779
