0 0.300390625 0.6166666666666667 0.09296875 0.2388888888888889
0 0.34687500000000004 0.4256944444444445 0.0578125 0.09027777777777778
0 0.44453125000000004 0.39722222222222225 0.051562500000000004 0.08333333333333334
0 0.8515625 0.48194444444444445 0.12187500000000001 0.12222222222222223
0 0.31562500000000004 0.3236111111111111 0.037500000000000006 0.05
0 0.4 0.2965277777777778 0.029687500000000002 0.04861111111111111
0 0.909375 0.3715277777777778 0.09375 0.08194444444444444
0 0.39101562500000003 0.2138888888888889 0.022656250000000003 0.022222222222222223
0 0.415625 0.8680555555555556 0.14375000000000002 0.25277777777777777
0 0.065625 0.7458333333333333 0.1296875 0.26666666666666666
0 0.606640625 0.48333333333333334 0.08046875 0.12222222222222223
0 0.6171875 0.2625 0.059375000000000004 0.075
0 0.6351562500000001 0.35000000000000003 0.059375000000000004 0.07777777777777778
0 0.45351562500000003 0.2833333333333333 0.032031250000000004 0.036111111111111115
0 0.44765625000000003 0.25069444444444444 0.029687500000000002 0.029166666666666667
0 0.41250000000000003 0.2423611111111111 0.026562500000000003 0.02638888888888889
0 0.4578125 0.22777777777777777 0.0234375 0.02777777777777778
0 0.42734375 0.20972222222222223 0.0125 0.016666666666666666
0 0.6234375000000001 0.20416666666666666 0.0234375 0.030555555555555558
0 0.59140625 0.1875 0.0140625 0.022222222222222223
