0 0.26171875 0.5770833333333334 0.134375 0.27083333333333337
0 0.468359375 0.36319444444444443 0.07421875 0.15416666666666667
0 0.7371093750000001 0.3041666666666667 0.09140625000000001 0.11944444444444445
0 0.817578125 0.25972222222222224 0.09921875000000001 0.1
0 0.446875 0.21944444444444444 0.051562500000000004 0.09722222222222222
0 0.41835937500000003 0.11180555555555556 0.032031250000000004 0.04583333333333334
0 0.468359375 0.11458333333333334 0.03515625 0.0625
0 0.7046875 0.12569444444444444 0.0421875 0.04861111111111111
0 0.369921875 0.06458333333333334 0.05390625 0.10416666666666667
0 0.47695312500000003 0.06527777777777778 0.02421875 0.036111111111111115
0 0.44453125000000004 0.034722222222222224 0.0234375 0.025
0 0.480078125 0.02638888888888889 0.017968750000000002 0.030555555555555558
0 0.412109375 0.027083333333333334 0.017968750000000002 0.02361111111111111
0 0.673046875 0.016666666666666666 0.04609375 0.030555555555555558
0 0.6109375 0.18125 0.07968750000000001 0.1125
0 0.633984375 0.011111111111111112 0.02109375 0.016666666666666666
