0 0.268359375 0.43333333333333335 0.06171875 0.07222222222222223
0 0.3640625 0.4305555555555556 0.05 0.08888888888888889
0 0.6734375 0.44930555555555557 0.0703125 0.09305555555555556
0 0.720703125 0.2923611111111111 0.05234375 0.05416666666666667
0 0.33515625000000004 0.3263888888888889 0.03125 0.04722222222222222
0 0.44179687500000003 0.33958333333333335 0.032031250000000004 0.06805555555555556
0 0.37578125 0.26666666666666666 0.018750000000000003 0.030555555555555558
0 0.39453125 0.33819444444444446 0.040625 0.0625
0 0.4265625 0.8715277777777778 0.1765625 0.23750000000000002
0 0.739453125 0.7833333333333333 0.18359375 0.28611111111111115
0 0.6359375 0.25069444444444444 0.0234375 0.0375
0 0.444921875 0.2826388888888889 0.030468750000000003 0.04861111111111111
0 0.41523437500000004 0.2611111111111111 0.01953125 0.03333333333333333
0 0.405078125 0.22013888888888888 0.01640625 0.02361111111111111
0 0.45351562500000003 0.225 0.01015625 0.022222222222222223
0 0.42500000000000004 0.23541666666666666 0.0078125 0.02361111111111111
