0 0.24453125 0.5840277777777778 0.14375000000000002 0.2652777777777778
0 0.6375000000000001 0.5951388888888889 0.12812500000000002 0.27083333333333337
0 0.4703125 0.4173611111111111 0.0671875 0.19305555555555556
0 0.585546875 0.2826388888888889 0.05859375 0.10972222222222222
0 0.494140625 0.1840277777777778 0.041406250000000006 0.06527777777777778
0 0.5421875 0.12222222222222223 0.03125 0.04722222222222222
0 0.7484375000000001 0.28055555555555556 0.078125 0.11666666666666667
0 0.944921875 0.275 0.10859375 0.11388888888888889
0 0.9546875 0.42638888888888893 0.0890625 0.1527777777777778
0 0.451953125 0.05902777777777778 0.025781250000000002 0.04861111111111111
0 0.494921875 0.07083333333333333 0.022656250000000003 0.05555555555555556
0 0.5375 0.0763888888888889 0.03125 0.044444444444444446
0 0.6234375000000001 0.10138888888888889 0.029687500000000002 0.0638888888888889
0 0.9636718750000001 0.6645833333333333 0.07109375 0.21805555555555556
0 0.7562500000000001 0.18125 0.0734375 0.08472222222222223
0 0.751171875 0.09375 0.07265625 0.0763888888888889
0 0.659765625 0.04097222222222222 0.032031250000000004 0.043055555555555555
