0 0.571484375 0.5256944444444445 0.11484375000000001 0.16527777777777777
0 0.41328125000000004 0.49444444444444446 0.07500000000000001 0.12222222222222223
0 0.057421875000000004 0.7083333333333334 0.09609375 0.16111111111111112
0 0.091796875 0.4569444444444445 0.08046875 0.13333333333333333
0 0.31289062500000003 0.48333333333333334 0.05859375 0.09722222222222222
0 0.41640625000000003 0.36458333333333337 0.051562500000000004 0.07361111111111111
0 0.34492187500000004 0.3875 0.047656250000000004 0.06944444444444445
0 0.3609375 0.3159722222222222 0.035937500000000004 0.051388888888888894
0 0.31640625 0.3194444444444445 0.029687500000000002 0.044444444444444446
1 0.926953125 0.35000000000000003 0.14453125 0.3277777777777778
0 0.661328125 0.8354166666666667 0.18046875 0.1625
0 0.40937500000000004 0.9284722222222223 0.19062500000000002 0.14027777777777778
0 0.34296875000000004 0.3458333333333333 0.0328125 0.03888888888888889
0 0.30000000000000004 0.3736111111111111 0.029687500000000002 0.044444444444444446
0 0.282421875 0.3472222222222222 0.02734375 0.04166666666666667
0 0.13593750000000002 0.5125000000000001 0.0484375 0.05277777777777778
0 0.27578125000000003 0.3194444444444445 0.0203125 0.019444444444444445
0 0.30078125 0.30208333333333337 0.015625 0.03194444444444445
0 0.32578125 0.2881944444444445 0.026562500000000003 0.05416666666666667
0 0.278125 0.2902777777777778 0.021875000000000002 0.02777777777777778
0 0.28554687500000003 0.2659722222222222 0.017968750000000002 0.02638888888888889
0 0.29453125 0.2534722222222222 0.018750000000000003 0.03194444444444445
0 0.36054687500000004 0.2520833333333333 0.025781250000000002 0.02638888888888889
