0 0.48476562500000003 0.41111111111111115 0.12578125 0.20277777777777778
0 0.0703125 0.3284722222222222 0.096875 0.14027777777777778
0 0.41054687500000003 0.12222222222222223 0.049218750000000006 0.08888888888888889
0 0.443359375 0.05 0.041406250000000006 0.075
0 0.268359375 0.3493055555555556 0.10078125 0.14305555555555557
0 0.15234375 0.36388888888888893 0.0890625 0.15555555555555556
0 0.211328125 0.16180555555555556 0.06484375 0.07083333333333333
0 0.213671875 0.10347222222222223 0.04609375 0.043055555555555555
0 0.394140625 0.015972222222222224 0.02734375 0.02638888888888889
0 0.490234375 0.020833333333333336 0.04453125 0.04166666666666667
0 0.43359375 0.013194444444444444 0.029687500000000002 0.02638888888888889
