0 0.7601562500000001 0.4354166666666667 0.08750000000000001 0.09583333333333334
0 0.43281250000000004 0.5090277777777777 0.065625 0.12638888888888888
0 0.31757812500000004 0.5194444444444445 0.07265625 0.125
0 0.37226562500000004 0.36388888888888893 0.041406250000000006 0.07222222222222223
0 0.397265625 0.27083333333333337 0.02421875 0.05
0 0.696484375 0.2611111111111111 0.03828125 0.030555555555555558
0 0.628125 0.22222222222222224 0.0203125 0.030555555555555558
0 0.43359375 0.3680555555555556 0.046875 0.06944444444444445
0 0.43007812500000003 0.30486111111111114 0.03828125 0.051388888888888894
0 0.808203125 0.8534722222222223 0.22734375 0.2902777777777778
0 0.612890625 0.27847222222222223 0.041406250000000006 0.059722222222222225
0 0.57578125 0.3861111111111111 0.0703125 0.11111111111111112
0 0.439453125 0.24930555555555556 0.025781250000000002 0.034722222222222224
0 0.409765625 0.23333333333333334 0.014843750000000001 0.022222222222222223
0 0.38515625000000003 0.21458333333333335 0.015625 0.0375
0 0.41718750000000004 0.20902777777777778 0.0140625 0.02361111111111111
0 0.443359375 0.20972222222222223 0.013281250000000001 0.022222222222222223
