0 0.298828125 0.48888888888888893 0.10546875 0.17222222222222222
0 0.49140625000000004 0.31875000000000003 0.0546875 0.11805555555555557
0 0.9105468750000001 0.36736111111111114 0.12734375 0.12638888888888888
0 0.9222656250000001 0.6548611111111111 0.15390625000000002 0.2791666666666667
0 0.5007812500000001 0.1902777777777778 0.037500000000000006 0.05555555555555556
0 0.540234375 0.14791666666666667 0.025781250000000002 0.04583333333333334
0 0.6550781250000001 0.19305555555555556 0.041406250000000006 0.061111111111111116
0 0.50625 0.1076388888888889 0.0140625 0.029166666666666667
0 0.41640625000000003 0.18055555555555555 0.07187500000000001 0.14166666666666666
0 0.6433593750000001 0.07847222222222222 0.03515625 0.04583333333333334
0 0.9886718750000001 0.3597222222222222 0.01953125 0.09722222222222222
