0 0.468359375 0.3375 0.08203125 0.21666666666666667
0 0.5734375 0.1763888888888889 0.051562500000000004 0.1
0 0.49062500000000003 0.11597222222222223 0.0421875 0.08472222222222223
0 0.7859375000000001 0.2548611111111111 0.1 0.11527777777777778
0 0.6882812500000001 0.7819444444444444 0.19375 0.275
0 0.9417968750000001 0.24930555555555556 0.11484375000000001 0.14583333333333334
0 0.54609375 0.06875 0.035937500000000004 0.05694444444444444
0 0.5027343750000001 0.04097222222222222 0.032031250000000004 0.0625
0 0.42617187500000003 0.8541666666666667 0.16328125000000002 0.15555555555555556
0 0.8230468750000001 0.12222222222222223 0.09921875000000001 0.10833333333333334
0 0.6136718750000001 0.015277777777777779 0.03828125 0.030555555555555558
0 0.539453125 0.01388888888888889 0.025781250000000002 0.02777777777777778
