0 0.47734375 0.38333333333333336 0.08750000000000001 0.15555555555555556
0 0.34023437500000003 0.37569444444444444 0.07734375 0.13472222222222222
0 0.71484375 0.25972222222222224 0.09062500000000001 0.08611111111111111
0 0.428515625 0.1951388888888889 0.04609375 0.07361111111111111
0 0.36367187500000003 0.10416666666666667 0.032031250000000004 0.061111111111111116
0 0.40234375 0.08263888888888889 0.0328125 0.04027777777777778
0 0.9519531250000001 0.5090277777777777 0.08984375 0.23750000000000002
0 0.95234375 0.18888888888888888 0.0890625 0.13333333333333333
0 0.673046875 0.1326388888888889 0.07265625 0.07361111111111111
0 0.52890625 0.15416666666666667 0.06406250000000001 0.07777777777777778
0 0.47187500000000004 0.07986111111111112 0.0328125 0.051388888888888894
0 0.389453125 0.034722222222222224 0.02734375 0.044444444444444446
0 0.32890625 0.02847222222222222 0.028125 0.034722222222222224
0 0.36054687500000004 0.0125 0.014843750000000001 0.025
0 0.516796875 0.03333333333333333 0.03671875 0.04722222222222222
