0 0.086328125 0.6680555555555556 0.13046875 0.15
0 0.24765625000000002 0.6354166666666667 0.115625 0.1902777777777778
0 0.25625000000000003 0.4791666666666667 0.07500000000000001 0.10277777777777779
0 0.34765625 0.39861111111111114 0.037500000000000006 0.07222222222222223
0 0.5546875 0.49930555555555556 0.0578125 0.10138888888888889
0 0.62890625 0.4430555555555556 0.053125000000000006 0.08888888888888889
0 0.6648437500000001 0.3902777777777778 0.05 0.061111111111111116
0 0.5535156250000001 0.3729166666666667 0.02734375 0.0625
0 0.583203125 0.32708333333333334 0.025781250000000002 0.043055555555555555
0 0.618359375 0.33125 0.02421875 0.043055555555555555
0 0.37109375 0.6513888888888889 0.07500000000000001 0.17777777777777778
0 0.771484375 0.9333333333333333 0.17578125 0.13055555555555556
0 0.6804687500000001 0.32708333333333334 0.025 0.02638888888888889
0 0.37734375000000003 0.4465277777777778 0.035937500000000004 0.059722222222222225
0 0.553125 0.3159722222222222 0.0140625 0.02638888888888889
0 0.5859375 0.28541666666666665 0.015625 0.034722222222222224
