0 0.194140625 0.64375 0.08515625 0.1125
0 0.606640625 0.7180555555555556 0.07734375 0.125
0 0.71484375 0.7034722222222223 0.0765625 0.10694444444444445
0 0.5203125000000001 0.5520833333333334 0.035937500000000004 0.06527777777777778
0 0.5671875000000001 0.5458333333333334 0.035937500000000004 0.06666666666666667
0 0.60546875 0.5243055555555556 0.035937500000000004 0.0625
0 0.5750000000000001 0.48125 0.018750000000000003 0.034722222222222224
0 0.51875 0.49444444444444446 0.028125 0.044444444444444446
0 0.27421875 0.9090277777777778 0.12187500000000001 0.1736111111111111
0 0.03828125 0.8194444444444445 0.0734375 0.14722222222222223
0 0.244921875 0.7395833333333334 0.08359375000000001 0.13194444444444445
0 0.345703125 0.7618055555555556 0.06796875000000001 0.10694444444444445
0 0.3359375 0.6194444444444445 0.051562500000000004 0.08611111111111111
0 0.5609375 0.49375 0.018750000000000003 0.02361111111111111
0 0.5417968750000001 0.4673611111111111 0.01640625 0.02638888888888889
0 0.534375 0.4479166666666667 0.0078125 0.018055555555555557
0 0.553125 0.4430555555555556 0.015625 0.022222222222222223
0 0.6257812500000001 0.4652777777777778 0.0234375 0.044444444444444446
