0 0.4625 0.5847222222222223 0.1265625 0.25277777777777777
0 0.32070312500000003 0.49444444444444446 0.09921875000000001 0.20833333333333334
0 0.464453125 0.26319444444444445 0.07265625 0.1375
0 0.38320312500000003 0.12222222222222223 0.039843750000000004 0.06944444444444445
0 0.42578125 0.1423611111111111 0.035937500000000004 0.06805555555555556
0 0.47265625 0.1326388888888889 0.0390625 0.0625
0 0.42421875000000003 0.04861111111111111 0.026562500000000003 0.03333333333333333
0 0.47578125000000004 0.06041666666666667 0.0234375 0.04583333333333334
0 0.9402343750000001 0.38333333333333336 0.11328125 0.10833333333333334
0 0.654296875 0.37777777777777777 0.08359375000000001 0.13055555555555556
0 0.696484375 0.2604166666666667 0.10234375000000001 0.11527777777777778
0 0.45 0.051388888888888894 0.015625 0.036111111111111115
