0 0.606640625 0.7222222222222222 0.17109375000000002 0.39166666666666666
0 0.61484375 0.3909722222222222 0.1015625 0.21805555555555556
0 0.551953125 0.17430555555555557 0.055468750000000004 0.12361111111111112
0 0.396484375 0.11458333333333334 0.041406250000000006 0.09583333333333334
0 0.486328125 0.06180555555555556 0.032031250000000004 0.05694444444444444
0 0.4296875 0.043055555555555555 0.03125 0.04722222222222222
0 0.788671875 0.28194444444444444 0.09296875 0.12222222222222223
0 0.921484375 0.2791666666666667 0.14296875 0.14722222222222223
0 0.634375 0.04930555555555556 0.040625 0.0625
0 0.7835937500000001 0.12708333333333333 0.13593750000000002 0.11805555555555557
0 0.9441406250000001 0.5201388888888889 0.11015625000000001 0.2986111111111111
