0 0.080078125 0.7104166666666667 0.10703125000000001 0.15694444444444444
0 0.213671875 0.6013888888888889 0.06796875000000001 0.10277777777777779
0 0.487890625 0.6979166666666667 0.07265625 0.12083333333333333
0 0.59140625 0.6229166666666667 0.0890625 0.1902777777777778
0 0.6734375 0.6152777777777778 0.06406250000000001 0.10555555555555556
0 0.486328125 0.5090277777777777 0.03359375 0.06805555555555556
0 0.571484375 0.4673611111111111 0.03359375 0.04861111111111111
0 0.5171875 0.45625000000000004 0.028125 0.04027777777777778
0 0.710546875 0.5284722222222222 0.05234375 0.051388888888888894
0 0.6648437500000001 0.47847222222222224 0.035937500000000004 0.04861111111111111
0 0.5886718750000001 0.5041666666666667 0.03671875 0.03888888888888889
0 0.531640625 0.4847222222222222 0.02734375 0.03333333333333333
0 0.5378906250000001 0.5375 0.04453125 0.05277777777777778
0 0.540234375 0.4451388888888889 0.01640625 0.02361111111111111
0 0.482421875 0.4618055555555556 0.017968750000000002 0.0375
0 0.5296875 0.4138888888888889 0.0171875 0.022222222222222223
0 0.306640625 0.7791666666666667 0.09296875 0.14722222222222223
0 0.30585937500000004 0.5631944444444444 0.03828125 0.051388888888888894
0 0.49726562500000004 0.39722222222222225 0.01015625 0.019444444444444445
