0 0.8 0.31527777777777777 0.06406250000000001 0.05555555555555556
0 0.767578125 0.50625 0.11171875 0.12361111111111112
0 0.4265625 0.6381944444444445 0.09375 0.2125
0 0.3171875 0.5715277777777777 0.09062500000000001 0.18472222222222223
0 0.4421875 0.4416666666666667 0.060937500000000006 0.11388888888888889
0 0.38359375 0.32916666666666666 0.0390625 0.075
0 0.4546875 0.28750000000000003 0.028125 0.044444444444444446
0 0.40703125 0.27083333333333337 0.028125 0.036111111111111115
0 0.377734375 0.24583333333333335 0.022656250000000003 0.030555555555555558
0 0.64375 0.225 0.026562500000000003 0.03333333333333333
0 0.42304687500000004 0.22361111111111112 0.02109375 0.02777777777777778
0 0.577734375 0.3548611111111111 0.08359375000000001 0.13472222222222222
0 0.60546875 0.19861111111111113 0.021875000000000002 0.04166666666666667
0 0.45742187500000003 0.25 0.02109375 0.019444444444444445
0 0.45429687500000004 0.22430555555555556 0.02421875 0.03194444444444445
