0 0.560546875 0.61875 0.08359375000000001 0.19305555555555556
0 0.45625000000000004 0.5423611111111112 0.060937500000000006 0.1486111111111111
0 0.421875 0.3979166666666667 0.0328125 0.09027777777777778
0 0.47304687500000003 0.37986111111111115 0.032031250000000004 0.05416666666666667
0 0.509765625 0.37222222222222223 0.030468750000000003 0.0638888888888889
0 0.447265625 0.3263888888888889 0.022656250000000003 0.03888888888888889
0 0.905859375 0.8659722222222223 0.17734375000000002 0.24861111111111112
0 0.953125 0.6041666666666667 0.0890625 0.16944444444444445
0 0.8453125 0.5826388888888889 0.12812500000000002 0.16527777777777777
0 0.6515625 0.48055555555555557 0.05625 0.075
0 0.6101562500000001 0.40694444444444444 0.046875 0.05555555555555556
0 0.48164062500000004 0.34097222222222223 0.02109375 0.03194444444444445
0 0.479296875 0.30833333333333335 0.013281250000000001 0.02777777777777778
0 0.125390625 0.9506944444444445 0.17265625 0.09027777777777778
