0 0.36796875 0.2548611111111111 0.0703125 0.14583333333333334
0 0.46953125 0.3680555555555556 0.078125 0.18055555555555555
0 0.594921875 0.36944444444444446 0.08828125 0.18333333333333335
0 0.80078125 0.34861111111111115 0.09843750000000001 0.13055555555555556
0 0.48945312500000004 0.17152777777777778 0.04609375 0.09305555555555556
0 0.5437500000000001 0.14305555555555557 0.05 0.09166666666666667
0 0.4421875 0.09930555555555556 0.034375 0.059722222222222225
0 0.4234375 0.16041666666666668 0.037500000000000006 0.08194444444444444
0 0.48515625 0.051388888888888894 0.021875000000000002 0.044444444444444446
0 0.706640625 0.9083333333333333 0.20234375000000002 0.17777777777777778
0 0.9046875000000001 0.24375000000000002 0.1078125 0.11527777777777778
0 0.6644531250000001 0.16111111111111112 0.049218750000000006 0.075
0 0.61328125 0.08611111111111111 0.045312500000000006 0.05277777777777778
0 0.5265625 0.0375 0.026562500000000003 0.044444444444444446
0 0.459765625 0.044444444444444446 0.01953125 0.04722222222222222
0 0.7527343750000001 0.11736111111111111 0.04609375 0.08194444444444444
