0 0.295703125 0.4479166666666667 0.09453125000000001 0.1763888888888889
0 0.41718750000000004 0.795138888888889 0.15781250000000002 0.39861111111111114
0 0.7210937500000001 0.28402777777777777 0.0859375 0.09861111111111112
0 0.38359375 0.19930555555555557 0.046875 0.07361111111111111
0 0.397265625 0.13819444444444445 0.03515625 0.05416666666666667
0 0.41953125 0.07222222222222223 0.0203125 0.03333333333333333
1 0.90234375 0.14444444444444446 0.17500000000000002 0.18055555555555555
0 0.4421875 0.14027777777777778 0.034375 0.06666666666666667
0 0.45859375 0.09722222222222222 0.026562500000000003 0.036111111111111115
0 0.45703125 0.058333333333333334 0.0234375 0.03888888888888889
0 0.433203125 0.02291666666666667 0.014843750000000001 0.015277777777777779
0 0.4546875 0.024305555555555556 0.0171875 0.02638888888888889
0 0.898046875 0.3402777777777778 0.13046875 0.1277777777777778
0 0.56484375 0.17500000000000002 0.0703125 0.10277777777777779
0 0.6335937500000001 0.08888888888888889 0.0421875 0.075
