0 0.18359375 0.42638888888888893 0.06406250000000001 0.11388888888888889
0 0.272265625 0.35555555555555557 0.03515625 0.06944444444444445
0 0.60078125 0.6520833333333333 0.10312500000000001 0.1763888888888889
0 0.84921875 0.8381944444444445 0.18906250000000002 0.22916666666666669
0 0.475390625 0.5416666666666667 0.07890625000000001 0.11666666666666667
0 0.61328125 0.4743055555555556 0.078125 0.10138888888888889
0 0.460546875 0.4131944444444445 0.03515625 0.07916666666666666
0 0.447265625 0.34305555555555556 0.02734375 0.0638888888888889
0 0.491796875 0.32430555555555557 0.047656250000000004 0.08194444444444444
0 0.5320312500000001 0.33055555555555555 0.0328125 0.05
0 0.5265625 0.44027777777777777 0.0546875 0.08611111111111111
0 0.103515625 0.8388888888888889 0.17421875 0.275
0 0.6179687500000001 0.3506944444444445 0.03125 0.034722222222222224
0 0.583203125 0.31875000000000003 0.02890625 0.03194444444444445
0 0.568359375 0.2923611111111111 0.01953125 0.03194444444444445
0 0.45078125 0.30069444444444443 0.021875000000000002 0.04027777777777778
0 0.4703125 0.27569444444444446 0.015625 0.0375
0 0.2984375 0.3159722222222222 0.0234375 0.043055555555555555
