0 0.456640625 0.4340277777777778 0.10703125000000001 0.24305555555555555
0 0.59765625 0.3597222222222222 0.09531250000000001 0.18888888888888888
0 0.48046875 0.17222222222222222 0.0671875 0.14722222222222223
0 0.556640625 0.08402777777777778 0.049218750000000006 0.07361111111111111
0 0.49375 0.059722222222222225 0.043750000000000004 0.075
0 0.54140625 0.021527777777777778 0.029687500000000002 0.043055555555555555
0 0.50234375 0.019444444444444445 0.0328125 0.03888888888888889
0 0.977734375 0.63125 0.041406250000000006 0.16527777777777777
0 0.9484375 0.27222222222222225 0.1 0.17222222222222222
0 0.7835937500000001 0.12013888888888889 0.0859375 0.09027777777777778
0 0.645703125 0.05347222222222223 0.05859375 0.06527777777777778
