0 0.853125 0.13958333333333334 0.0703125 0.07361111111111111
0 0.7796875000000001 0.3090277777777778 0.1015625 0.09861111111111112
0 0.659375 0.3236111111111111 0.084375 0.1388888888888889
0 0.45625000000000004 0.35347222222222224 0.078125 0.1625
0 0.358203125 0.2569444444444445 0.06796875000000001 0.11111111111111112
0 0.440234375 0.1763888888888889 0.04609375 0.08333333333333334
0 0.33320312500000004 0.1277777777777778 0.04296875 0.058333333333333334
0 0.4109375 0.11458333333333334 0.0390625 0.059722222222222225
0 0.432421875 0.034722222222222224 0.01953125 0.03333333333333333
0 0.463671875 0.8562500000000001 0.14765625000000002 0.27083333333333337
0 0.10117187500000001 0.9604166666666667 0.17890625000000002 0.0763888888888889
1 0.675390625 0.016666666666666666 0.03671875 0.030555555555555558
0 0.475390625 0.009027777777777779 0.017968750000000002 0.018055555555555557
0 0.6082031250000001 0.17291666666666666 0.06640625 0.09305555555555556
0 0.65234375 0.11041666666666668 0.0421875 0.04861111111111111
