0 0.16718750000000002 0.6451388888888889 0.10312500000000001 0.1375
0 0.298046875 0.5208333333333334 0.05390625 0.08333333333333334
0 0.675 0.8020833333333334 0.1171875 0.17916666666666667
0 0.548046875 0.5208333333333334 0.039843750000000004 0.075
0 0.551953125 0.4451388888888889 0.03359375 0.051388888888888894
0 0.646484375 0.46944444444444444 0.03359375 0.058333333333333334
0 0.6062500000000001 0.49930555555555556 0.0484375 0.07916666666666666
0 0.6097656250000001 0.41597222222222224 0.022656250000000003 0.0375
0 0.107421875 0.86875 0.16328125000000002 0.22361111111111112
0 0.25039062500000003 0.9388888888888889 0.13984375000000002 0.11944444444444445
0 0.818359375 0.7597222222222223 0.10234375000000001 0.16111111111111112
0 0.34140625 0.59375 0.0625 0.10694444444444445
0 0.38398437500000004 0.6868055555555556 0.07109375 0.07916666666666666
0 0.596875 0.4416666666666667 0.028125 0.04166666666666667
0 0.6722656250000001 0.41458333333333336 0.022656250000000003 0.03194444444444445
0 0.572265625 0.40555555555555556 0.022656250000000003 0.03333333333333333
0 0.58359375 0.37569444444444444 0.0171875 0.04027777777777778
