0 0.32890625 0.4041666666666667 0.1015625 0.19444444444444445
0 0.41054687500000003 0.15 0.047656250000000004 0.08888888888888889
0 0.48476562500000003 0.08888888888888889 0.039843750000000004 0.06666666666666667
0 0.44960937500000003 0.04513888888888889 0.02890625 0.04583333333333334
0 0.205078125 0.9097222222222222 0.20859375000000002 0.17222222222222222
0 0.80390625 0.3680555555555556 0.134375 0.2138888888888889
0 0.685546875 0.04027777777777778 0.03359375 0.036111111111111115
0 0.676953125 0.016666666666666666 0.04453125 0.03333333333333333
0 0.484375 0.011805555555555555 0.018750000000000003 0.020833333333333336
0 0.48046875 0.029861111111111113 0.028125 0.0375
0 0.41445312500000003 0.02291666666666667 0.03671875 0.04583333333333334
0 0.45859375 0.0076388888888888895 0.015625 0.015277777777777779
