0 0.87265625 0.7402777777777778 0.15937500000000002 0.17777777777777778
0 0.39375000000000004 0.44097222222222227 0.046875 0.0763888888888889
0 0.47890625000000003 0.4340277777777778 0.037500000000000006 0.07083333333333333
0 0.548828125 0.4388888888888889 0.05078125 0.08055555555555556
0 0.90546875 0.4951388888888889 0.109375 0.10694444444444445
0 0.6644531250000001 0.44236111111111115 0.05390625 0.06805555555555556
0 0.516796875 0.3625 0.03671875 0.04166666666666667
0 0.451953125 0.31180555555555556 0.01953125 0.0375
0 0.5 0.3194444444444445 0.0234375 0.03333333333333333
0 0.606640625 0.34861111111111115 0.03515625 0.036111111111111115
0 0.94921875 0.6736111111111112 0.1 0.20277777777777778
