0 0.264453125 0.5590277777777778 0.05859375 0.07361111111111111
0 0.22226562500000002 0.7416666666666667 0.10234375000000001 0.16944444444444445
0 0.519140625 0.5729166666666667 0.05234375 0.07916666666666666
0 0.520703125 0.8125 0.09921875000000001 0.19166666666666668
0 0.591015625 0.6048611111111112 0.05078125 0.09027777777777778
0 0.644140625 0.5791666666666667 0.057031250000000006 0.08611111111111111
0 0.509765625 0.48055555555555557 0.03359375 0.05277777777777778
0 0.544140625 0.4729166666666667 0.03828125 0.051388888888888894
0 0.594140625 0.47222222222222227 0.03828125 0.058333333333333334
0 0.558984375 0.43125 0.01953125 0.0375
0 0.302734375 0.7944444444444445 0.09140625000000001 0.18055555555555555
0 0.7757812500000001 0.8118055555555556 0.0421875 0.15416666666666667
0 0.69453125 0.5034722222222222 0.0390625 0.0763888888888889
0 0.659765625 0.46805555555555556 0.02890625 0.058333333333333334
0 0.53125 0.43194444444444446 0.0171875 0.044444444444444446
0 0.5921875 0.41111111111111115 0.0234375 0.036111111111111115
0 0.31679687500000003 0.5805555555555556 0.039843750000000004 0.07777777777777778
0 0.35585937500000003 0.46944444444444444 0.014843750000000001 0.025
0 0.517578125 0.3902777777777778 0.014843750000000001 0.016666666666666666
