0 0.574609375 0.757638888888889 0.10390625 0.2013888888888889
0 0.34882812500000004 0.5263888888888889 0.06328125 0.10555555555555556
0 0.47382812500000004 0.4465277777777778 0.039843750000000004 0.06805555555555556
0 0.712109375 0.5409722222222222 0.08203125 0.10972222222222222
0 0.83203125 0.48750000000000004 0.10625000000000001 0.08611111111111111
0 0.45429687500000004 0.37430555555555556 0.030468750000000003 0.04583333333333334
0 0.482421875 0.3354166666666667 0.01953125 0.02361111111111111
0 0.19140625 0.8909722222222223 0.1546875 0.2152777777777778
0 0.9671875000000001 0.9118055555555555 0.0625 0.1736111111111111
0 0.927734375 0.6583333333333333 0.14296875 0.225
0 0.58359375 0.3888888888888889 0.0578125 0.09166666666666667
0 0.694921875 0.3826388888888889 0.06953125 0.08472222222222223
0 0.42617187500000003 0.3111111111111111 0.01640625 0.025
0 0.45546875000000003 0.3298611111111111 0.021875000000000002 0.043055555555555555
