0 0.765234375 0.4666666666666667 0.11171875 0.16111111111111112
0 0.63671875 0.36041666666666666 0.07187500000000001 0.11527777777777778
0 0.534765625 0.40625 0.07109375 0.10972222222222222
0 0.29296875 0.6236111111111111 0.12187500000000001 0.20277777777777778
0 0.17929687500000002 0.5409722222222222 0.12734375 0.1763888888888889
0 0.521875 0.2916666666666667 0.040625 0.09166666666666667
0 0.5808593750000001 0.2548611111111111 0.04296875 0.059722222222222225
0 0.642578125 0.2777777777777778 0.05390625 0.06944444444444445
0 0.6195312500000001 0.2138888888888889 0.037500000000000006 0.05555555555555556
0 0.5261718750000001 0.20486111111111113 0.032031250000000004 0.04861111111111111
0 0.599609375 0.8430555555555556 0.15234375 0.25833333333333336
0 0.565625 0.20069444444444445 0.025 0.043055555555555555
0 0.6882812500000001 0.14930555555555555 0.06406250000000001 0.07916666666666666
0 0.594140625 0.16736111111111113 0.02109375 0.0375
0 0.56015625 0.16666666666666669 0.025 0.030555555555555558
0 0.53046875 0.17291666666666666 0.0203125 0.043055555555555555
0 0.5652343750000001 0.13402777777777777 0.00859375 0.018055555555555557
0 0.548046875 0.13402777777777777 0.014843750000000001 0.034722222222222224
0 0.5296875 0.14375000000000002 0.0125 0.020833333333333336
0 0.400390625 0.3652777777777778 0.06015625 0.08055555555555556
