0 0.930859375 0.5277777777777778 0.13671875 0.14444444444444446
0 0.89765625 0.2833333333333333 0.051562500000000004 0.061111111111111116
0 0.589453125 0.6291666666666667 0.09609375 0.19166666666666668
0 0.54921875 0.33125 0.045312500000000006 0.07361111111111111
0 0.41875 0.30486111111111114 0.034375 0.059722222222222225
0 0.527734375 0.25277777777777777 0.02421875 0.030555555555555558
0 0.44296875 0.25833333333333336 0.021875000000000002 0.02777777777777778
0 0.49375 0.22986111111111113 0.018750000000000003 0.043055555555555555
0 0.455859375 0.21944444444444444 0.01953125 0.03333333333333333
0 0.622265625 0.26666666666666666 0.02890625 0.03888888888888889
0 0.6355468750000001 0.19722222222222224 0.03359375 0.05277777777777778
