0 0.6351562500000001 0.4416666666666667 0.12187500000000001 0.3138888888888889
0 0.9128906250000001 0.2569444444444445 0.11796875000000001 0.1388888888888889
0 0.47500000000000003 0.21597222222222223 0.0546875 0.10972222222222222
0 0.5710937500000001 0.17847222222222223 0.053125000000000006 0.10138888888888889
0 0.491015625 0.09722222222222222 0.04296875 0.08333333333333334
0 0.547265625 0.03125 0.02890625 0.05416666666666667
0 0.696875 0.12916666666666668 0.065625 0.08888888888888889
0 0.640625 0.029861111111111113 0.05 0.059722222222222225
1 0.85703125 0.09166666666666667 0.1921875 0.18333333333333335
0 0.498046875 0.027083333333333334 0.03359375 0.0375
