0 0.5007812500000001 0.5868055555555556 0.115625 0.3125
0 0.6839843750000001 0.5243055555555556 0.11484375000000001 0.23472222222222222
0 0.44296875 0.21597222222222223 0.0578125 0.08472222222222223
0 0.620703125 0.19444444444444445 0.047656250000000004 0.09166666666666667
0 0.537109375 0.15 0.03828125 0.08611111111111111
0 0.501953125 0.06944444444444445 0.02734375 0.036111111111111115
0 0.6039062500000001 0.09583333333333334 0.034375 0.05277777777777778
0 0.54609375 0.07361111111111111 0.028125 0.0638888888888889
0 0.51796875 0.020833333333333336 0.026562500000000003 0.04166666666666667
0 0.762890625 0.1875 0.06796875000000001 0.09444444444444444
0 0.849609375 0.16180555555555556 0.07421875 0.10972222222222222
0 0.984375 0.2013888888888889 0.026562500000000003 0.08611111111111111
0 0.6863281250000001 0.0625 0.049218750000000006 0.058333333333333334
0 0.594140625 0.03888888888888889 0.03828125 0.044444444444444446
0 0.55859375 0.02291666666666667 0.021875000000000002 0.02361111111111111
0 0.6980468750000001 0.016666666666666666 0.02734375 0.03333333333333333
0 0.6527343750000001 0.015972222222222224 0.02890625 0.02638888888888889
