0 0.443359375 0.5604166666666667 0.07421875 0.15694444444444444
0 0.7937500000000001 0.33125 0.06875 0.07916666666666666
0 0.384375 0.37222222222222223 0.035937500000000004 0.0638888888888889
0 0.32148437500000004 0.3611111111111111 0.03671875 0.05277777777777778
0 0.35703125 0.29444444444444445 0.025 0.03333333333333333
0 0.405078125 0.3013888888888889 0.02421875 0.058333333333333334
0 0.44648437500000004 0.3027777777777778 0.025781250000000002 0.05277777777777778
0 0.38710937500000003 0.25833333333333336 0.01953125 0.022222222222222223
0 0.637890625 0.3979166666666667 0.057031250000000006 0.07916666666666666
0 0.65390625 0.2625 0.026562500000000003 0.030555555555555558
0 0.791015625 0.6291666666666667 0.13828125 0.2
0 0.5925781250000001 0.27361111111111114 0.05390625 0.09444444444444444
0 0.448828125 0.24166666666666667 0.01953125 0.022222222222222223
0 0.419921875 0.25069444444444444 0.013281250000000001 0.0375
0 0.408984375 0.21458333333333335 0.013281250000000001 0.02361111111111111
0 0.43125 0.2138888888888889 0.010937500000000001 0.022222222222222223
