0 0.443359375 0.8402777777777778 0.11953125 0.30833333333333335
0 0.6453125000000001 0.5263888888888889 0.09062500000000001 0.11944444444444445
0 0.355078125 0.39375 0.05078125 0.07361111111111111
0 0.4390625 0.38680555555555557 0.043750000000000004 0.0763888888888889
0 0.7546875000000001 0.28541666666666665 0.0546875 0.051388888888888894
0 0.66015625 0.2326388888888889 0.03125 0.03194444444444445
0 0.38906250000000003 0.3076388888888889 0.0390625 0.04861111111111111
0 0.39609375 0.19861111111111113 0.015625 0.022222222222222223
0 0.00703125 0.8798611111111111 0.0140625 0.15416666666666667
0 0.6468750000000001 0.29583333333333334 0.040625 0.058333333333333334
0 0.609375 0.32916666666666666 0.043750000000000004 0.058333333333333334
0 0.970703125 0.64375 0.05390625 0.14027777777777778
0 0.609375 0.2548611111111111 0.03125 0.059722222222222225
0 0.440234375 0.30972222222222223 0.02890625 0.044444444444444446
0 0.43359375 0.27222222222222225 0.028125 0.022222222222222223
0 0.405859375 0.23819444444444446 0.02421875 0.05416666666666667
0 0.443359375 0.22291666666666668 0.01171875 0.04583333333333334
0 0.420703125 0.18819444444444444 0.01015625 0.03194444444444445
