0 0.319140625 0.6333333333333333 0.08984375 0.15
0 0.21171875 0.5631944444444444 0.1 0.13472222222222222
0 0.398046875 0.4138888888888889 0.041406250000000006 0.08055555555555556
0 0.935546875 0.4756944444444445 0.10078125 0.08750000000000001
0 0.45742187500000003 0.39861111111111114 0.039843750000000004 0.06944444444444445
0 0.43867187500000004 0.3201388888888889 0.022656250000000003 0.043055555555555555
0 0.46992187500000004 0.2881944444444445 0.02109375 0.029166666666666667
0 0.408203125 0.9111111111111111 0.15546875000000002 0.17222222222222222
0 0.659765625 0.2916666666666667 0.02890625 0.030555555555555558
0 0.41484375 0.26458333333333334 0.015625 0.02361111111111111
0 0.44296875 0.27569444444444446 0.0140625 0.029166666666666667
0 0.46953125 0.2555555555555556 0.0140625 0.022222222222222223
0 0.60078125 0.24861111111111112 0.053125000000000006 0.058333333333333334
0 0.433203125 0.2388888888888889 0.00859375 0.022222222222222223
