0 0.33437500000000003 0.41944444444444445 0.08750000000000001 0.15555555555555556
0 0.444140625 0.32916666666666666 0.06640625 0.15
0 0.47773437500000004 0.23750000000000002 0.055468750000000004 0.09166666666666667
0 0.405078125 0.1951388888888889 0.04609375 0.07361111111111111
0 0.673046875 0.37430555555555556 0.08984375 0.13194444444444445
0 0.479296875 0.14305555555555557 0.03515625 0.05555555555555556
0 0.483203125 0.058333333333333334 0.013281250000000001 0.03333333333333333
0 0.172265625 0.9347222222222222 0.18046875 0.1277777777777778
0 0.45546875000000003 0.08125 0.021875000000000002 0.0375
0 0.43281250000000004 0.052083333333333336 0.0171875 0.02638888888888889
0 0.45703125 0.02777777777777778 0.0171875 0.022222222222222223
0 0.48515625 0.011111111111111112 0.0140625 0.016666666666666666
1 0.744140625 0.07083333333333333 0.07734375 0.10555555555555556
0 0.666015625 0.11319444444444444 0.03828125 0.0625
0 0.544140625 0.11180555555555556 0.06328125 0.11527777777777778
