0 0.45039062500000004 0.34861111111111115 0.09140625000000001 0.17777777777777778
0 0.5945312500000001 0.3201388888888889 0.07187500000000001 0.13472222222222222
0 0.520703125 0.16597222222222222 0.05390625 0.09861111111111112
0 0.60859375 0.17083333333333334 0.05625 0.08333333333333334
0 0.571875 0.10347222222222223 0.037500000000000006 0.06805555555555556
0 0.8914062500000001 0.10694444444444445 0.078125 0.1
0 0.49765625 0.07222222222222223 0.034375 0.05555555555555556
0 0.408984375 0.8520833333333334 0.20390625 0.29305555555555557
0 0.030468750000000003 0.9145833333333334 0.059375000000000004 0.1625
0 0.521484375 0.029861111111111113 0.030468750000000003 0.034722222222222224
0 0.5593750000000001 0.022222222222222223 0.026562500000000003 0.036111111111111115
0 0.7878906250000001 0.07777777777777778 0.06953125 0.09166666666666667
0 0.948828125 0.8222222222222223 0.09921875000000001 0.325
