0 0.177734375 0.7451388888888889 0.20234375000000002 0.3875
0 0.4296875 0.32430555555555557 0.0734375 0.17916666666666667
0 0.349609375 0.22708333333333333 0.05859375 0.12916666666666668
0 0.43007812500000003 0.07986111111111112 0.032031250000000004 0.07361111111111111
0 0.39140625 0.125 0.034375 0.07777777777777778
0 0.68125 0.13680555555555557 0.07968750000000001 0.10694444444444445
0 0.08125 0.49236111111111114 0.15625 0.24305555555555555
0 0.658203125 0.4118055555555556 0.13671875 0.17083333333333334
0 0.9734375000000001 0.18055555555555555 0.0484375 0.18333333333333335
0 0.6683593750000001 0.23472222222222222 0.09140625000000001 0.10555555555555556
0 0.6203125 0.07916666666666666 0.040625 0.06944444444444445
0 0.398046875 0.07430555555555556 0.02734375 0.051388888888888894
0 0.45078125 0.05902777777777778 0.025 0.04861111111111111
0 0.44921875 0.027083333333333334 0.029687500000000002 0.043055555555555555
0 0.416015625 0.02847222222222222 0.01953125 0.04027777777777778
0 0.5300781250000001 0.09097222222222223 0.03828125 0.059722222222222225
