0 0.458984375 0.43333333333333335 0.09296875 0.20833333333333334
0 0.602734375 0.36319444444444443 0.08984375 0.1736111111111111
0 0.48203125 0.1826388888888889 0.051562500000000004 0.10416666666666667
0 0.55703125 0.08263888888888889 0.0328125 0.06527777777777778
0 0.49296875 0.059722222222222225 0.034375 0.061111111111111116
0 0.977734375 0.6277777777777778 0.04296875 0.15833333333333333
0 0.9539062500000001 0.27847222222222223 0.09062500000000001 0.18472222222222223
0 0.771484375 0.10625 0.09453125000000001 0.1125
0 0.636328125 0.05347222222222223 0.047656250000000004 0.06805555555555556
0 0.54453125 0.02291666666666667 0.0328125 0.04583333333333334
0 0.505859375 0.013194444444444444 0.03515625 0.02638888888888889
