0 0.45234375000000004 0.5375 0.07500000000000001 0.1527777777777778
0 0.552734375 0.4395833333333333 0.06015625 0.13472222222222222
0 0.373046875 0.39513888888888893 0.041406250000000006 0.08472222222222223
0 0.4140625 0.3125 0.028125 0.061111111111111116
0 0.3796875 0.31736111111111115 0.0328125 0.05416666666666667
0 0.18710937500000002 0.2965277777777778 0.041406250000000006 0.06527777777777778
0 0.8984375 0.9125000000000001 0.08281250000000001 0.17222222222222222
0 0.5578125 0.31666666666666665 0.037500000000000006 0.03333333333333333
0 0.5222656250000001 0.28402777777777777 0.02109375 0.02361111111111111
0 0.440234375 0.2923611111111111 0.01953125 0.043055555555555555
0 0.394140625 0.2743055555555556 0.02109375 0.020833333333333336
0 0.371875 0.2569444444444445 0.0171875 0.030555555555555558
0 0.39492187500000003 0.2465277777777778 0.01640625 0.0375
0 0.42226562500000003 0.24444444444444446 0.022656250000000003 0.025
0 0.178125 0.3784722222222222 0.040625 0.0625
0 0.183984375 0.5319444444444444 0.08671875000000001 0.10555555555555556
0 0.026171875 0.6444444444444445 0.05078125 0.19722222222222224
0 0.033984375000000004 0.4451388888888889 0.06796875000000001 0.09861111111111112
0 0.3875 0.21597222222222223 0.0140625 0.018055555555555557
