0 0.883984375 0.4965277777777778 0.16484375 0.19583333333333333
0 0.6234375000000001 0.5402777777777777 0.1078125 0.225
0 0.129296875 0.85 0.22109375 0.2972222222222222
0 0.4765625 0.2798611111111111 0.0546875 0.09861111111111112
0 0.41328125000000004 0.19861111111111113 0.045312500000000006 0.058333333333333334
0 0.5593750000000001 0.23541666666666666 0.051562500000000004 0.1125
0 0.513671875 0.1736111111111111 0.041406250000000006 0.075
0 0.44648437500000004 0.08680555555555555 0.01640625 0.04027777777777778
0 0.33203125 0.9263888888888889 0.1625 0.14444444444444446
1 0.48750000000000004 0.10138888888888889 0.05 0.11944444444444445
0 0.637890625 0.07152777777777779 0.04453125 0.0625
0 0.7722656250000001 0.1527777777777778 0.05859375 0.09166666666666667
