0 0.5535156250000001 0.5722222222222223 0.06953125 0.14444444444444446
0 0.4578125 0.5645833333333333 0.060937500000000006 0.10972222222222222
0 0.658203125 0.4798611111111111 0.055468750000000004 0.059722222222222225
0 0.39140625 0.4131944444444445 0.040625 0.0625
0 0.463671875 0.4118055555555556 0.03671875 0.05416666666666667
0 0.59921875 0.3819444444444445 0.029687500000000002 0.036111111111111115
0 0.46328125000000003 0.35625 0.026562500000000003 0.04027777777777778
0 0.417578125 0.3423611111111111 0.025781250000000002 0.0375
0 0.503515625 0.3479166666666667 0.022656250000000003 0.0375
0 0.46953125 0.3041666666666667 0.021875000000000002 0.02777777777777778
0 0.432421875 0.29791666666666666 0.01640625 0.02361111111111111
0 0.857421875 0.5069444444444444 0.11328125 0.15
0 0.6292968750000001 0.3277777777777778 0.032031250000000004 0.05
0 0.56953125 0.3451388888888889 0.035937500000000004 0.05694444444444444
0 0.7210937500000001 0.46458333333333335 0.0546875 0.08750000000000001
