0 0.24726562500000002 0.7548611111111111 0.12421875 0.22916666666666669
0 0.19062500000000002 0.5506944444444445 0.09531250000000001 0.12916666666666668
0 0.433203125 0.43125 0.041406250000000006 0.06805555555555556
0 0.3921875 0.3715277777777778 0.029687500000000002 0.051388888888888894
0 0.34296875000000004 0.3597222222222222 0.0328125 0.05
0 0.6160156250000001 0.5673611111111111 0.08515625 0.10972222222222222
0 0.4421875 0.3277777777777778 0.025 0.02777777777777778
0 0.41171875 0.3180555555555556 0.0203125 0.036111111111111115
0 0.642578125 0.3979166666666667 0.04453125 0.05416666666666667
0 0.73046875 0.3763888888888889 0.05 0.044444444444444446
1 0.630859375 0.29791666666666666 0.05390625 0.0763888888888889
0 0.5890625 0.2847222222222222 0.0203125 0.02777777777777778
0 0.43789062500000003 0.28402777777777777 0.01640625 0.034722222222222224
0 0.41015625 0.25972222222222224 0.0078125 0.022222222222222223
