0 0.534765625 0.7000000000000001 0.05859375 0.08888888888888889
0 0.6570312500000001 0.6326388888888889 0.0578125 0.08472222222222223
0 0.578125 0.6263888888888889 0.043750000000000004 0.07222222222222223
0 0.5554687500000001 0.5458333333333334 0.03125 0.044444444444444446
0 0.587890625 0.5319444444444444 0.02734375 0.03333333333333333
0 0.517578125 0.5444444444444445 0.02109375 0.04722222222222222
0 0.25820312500000003 0.8965277777777778 0.10234375000000001 0.19861111111111113
0 0.35000000000000003 0.8097222222222222 0.0734375 0.11388888888888889
0 0.3203125 0.6680555555555556 0.046875 0.10833333333333334
0 0.0234375 0.8763888888888889 0.046875 0.11944444444444445
0 0.5765625 0.9743055555555556 0.109375 0.04861111111111111
0 0.80234375 0.9388888888888889 0.034375 0.09444444444444444
0 0.7578125 0.625 0.040625 0.07222222222222223
0 0.5765625 0.49236111111111114 0.0234375 0.029166666666666667
0 0.567578125 0.5104166666666667 0.02109375 0.04583333333333334
0 0.54453125 0.5069444444444444 0.0203125 0.030555555555555558
0 0.36328125 0.5555555555555556 0.025 0.036111111111111115
0 0.54921875 0.4763888888888889 0.009375000000000001 0.019444444444444445
