0 0.3671875 0.33472222222222225 0.065625 0.15
0 0.47500000000000003 0.35694444444444445 0.08125 0.1638888888888889
0 0.462890625 0.19583333333333333 0.05859375 0.08888888888888889
0 0.47890625000000003 0.11180555555555556 0.0328125 0.04861111111111111
0 0.436328125 0.11805555555555557 0.02734375 0.05
0 0.40156250000000004 0.09652777777777778 0.028125 0.034722222222222224
0 0.17695312500000002 0.8854166666666667 0.18984375 0.2263888888888889
0 0.45 0.08194444444444444 0.021875000000000002 0.04166666666666667
0 0.47578125000000004 0.04791666666666667 0.0125 0.0375
0 0.45546875000000003 0.04930555555555556 0.018750000000000003 0.0375
0 0.43398437500000003 0.04236111111111111 0.017968750000000002 0.0375
0 0.46640625 0.013194444444444444 0.009375000000000001 0.009722222222222222
0 0.843359375 0.8118055555555556 0.24296875 0.3375
0 0.837109375 0.44930555555555557 0.14609375 0.23194444444444445
