0 0.41445312500000003 0.5701388888888889 0.10390625 0.21805555555555556
0 0.32578125 0.3729166666666667 0.06406250000000001 0.10972222222222222
0 0.2546875 0.3229166666666667 0.06875 0.09583333333333334
0 0.43867187500000004 0.3215277777777778 0.055468750000000004 0.09861111111111112
0 0.375 0.225 0.035937500000000004 0.08611111111111111
0 0.43828125 0.23125 0.0421875 0.07361111111111111
0 0.6796875 0.3375 0.07968750000000001 0.11111111111111112
0 0.6312500000000001 0.5236111111111111 0.10625000000000001 0.15555555555555556
0 0.13046875 0.8444444444444444 0.215625 0.30833333333333335
0 0.8929687500000001 0.5284722222222222 0.2 0.31527777777777777
0 0.980078125 0.39166666666666666 0.03515625 0.08055555555555556
0 0.7742187500000001 0.24722222222222223 0.0671875 0.06666666666666667
0 0.630859375 0.23472222222222222 0.03828125 0.04722222222222222
0 0.556640625 0.32083333333333336 0.04609375 0.07222222222222223
0 0.403125 0.1736111111111111 0.015625 0.03333333333333333
0 0.43867187500000004 0.1902777777777778 0.03359375 0.03888888888888889
0 0.44570312500000003 0.13819444444444445 0.01953125 0.04027777777777778
0 0.416796875 0.14722222222222223 0.014843750000000001 0.036111111111111115
0 0.38984375000000004 0.13194444444444445 0.0203125 0.036111111111111115
0 0.40468750000000003 0.10555555555555556 0.0125 0.022222222222222223
0 0.638671875 0.16597222222222222 0.03828125 0.04027777777777778
