0 0.262890625 0.7708333333333334 0.13828125 0.24444444444444446
0 0.60546875 0.8951388888888889 0.1265625 0.20694444444444446
0 0.675390625 0.5395833333333333 0.06640625 0.07361111111111111
0 0.54296875 0.5284722222222222 0.0484375 0.08750000000000001
0 0.462890625 0.48541666666666666 0.041406250000000006 0.07916666666666666
0 0.43125 0.3861111111111111 0.021875000000000002 0.036111111111111115
0 0.479296875 0.3763888888888889 0.02109375 0.030555555555555558
0 0.5085937500000001 0.36736111111111114 0.0234375 0.03194444444444445
0 0.451953125 0.3354166666666667 0.01640625 0.018055555555555557
0 0.930859375 0.7222222222222222 0.12890625 0.2611111111111111
0 0.6238281250000001 0.44097222222222227 0.057031250000000006 0.07361111111111111
