0 0.30078125 0.48541666666666666 0.109375 0.2013888888888889
0 0.743359375 0.27361111111111114 0.08671875000000001 0.13055555555555556
0 0.404296875 0.17083333333333334 0.047656250000000004 0.075
0 0.483984375 0.10416666666666667 0.02890625 0.044444444444444446
0 0.835546875 0.7180555555555556 0.24921875000000002 0.39722222222222225
0 0.675 0.036111111111111115 0.0328125 0.03333333333333333
0 0.44609375 0.043750000000000004 0.021875000000000002 0.0375
0 0.409765625 0.02361111111111111 0.041406250000000006 0.04722222222222222
0 0.480078125 0.03402777777777778 0.02109375 0.034722222222222224
0 0.45820312500000004 0.009027777777777779 0.022656250000000003 0.018055555555555557
