0 0.5027343750000001 0.6298611111111111 0.09453125000000001 0.12916666666666668
0 0.503125 0.48333333333333334 0.05 0.06944444444444445
0 0.35234375 0.48194444444444445 0.051562500000000004 0.08888888888888889
0 0.432421875 0.5194444444444445 0.06328125 0.09166666666666667
0 0.421875 0.44027777777777777 0.051562500000000004 0.07777777777777778
0 0.370703125 0.3423611111111111 0.022656250000000003 0.034722222222222224
0 0.41718750000000004 0.34305555555555556 0.0203125 0.044444444444444446
0 0.039453125000000006 0.5354166666666667 0.07890625000000001 0.10694444444444445
0 0.1328125 0.4340277777777778 0.051562500000000004 0.06527777777777778
0 0.386328125 0.38333333333333336 0.02890625 0.04722222222222222
0 0.349609375 0.38125000000000003 0.03359375 0.043055555555555555
0 0.160546875 0.7055555555555556 0.09296875 0.16666666666666669
0 0.038671875 0.6708333333333334 0.07578125000000001 0.14166666666666666
0 0.14453125 0.5118055555555556 0.051562500000000004 0.07361111111111111
0 0.253125 0.42708333333333337 0.029687500000000002 0.034722222222222224
0 0.184375 0.3770833333333333 0.028125 0.0375
0 0.43203125000000003 0.37777777777777777 0.03125 0.03888888888888889
0 0.38515625000000003 0.32083333333333336 0.0125 0.019444444444444445
0 0.343359375 0.3416666666666667 0.017968750000000002 0.019444444444444445
0 0.49843750000000003 0.37222222222222223 0.029687500000000002 0.03333333333333333
0 0.46132812500000003 0.33611111111111114 0.017968750000000002 0.04166666666666667
