0 0.408203125 0.4375 0.039843750000000004 0.08333333333333334
0 0.45859375 0.3902777777777778 0.03125 0.061111111111111116
0 0.34296875000000004 0.3861111111111111 0.0328125 0.05
0 0.41054687500000003 0.33333333333333337 0.02109375 0.03333333333333333
0 0.9320312500000001 0.5798611111111112 0.134375 0.12638888888888888
0 0.748046875 0.5173611111111112 0.08515625 0.10416666666666667
0 0.43789062500000003 0.3013888888888889 0.014843750000000001 0.030555555555555558
0 0.594140625 0.8763888888888889 0.17734375000000002 0.24444444444444446
0 0.929296875 0.9180555555555556 0.12265625000000001 0.16111111111111112
0 0.55 0.38680555555555557 0.0546875 0.07361111111111111
0 0.637890625 0.4652777777777778 0.06640625 0.1277777777777778
0 0.512109375 0.325 0.030468750000000003 0.036111111111111115
0 0.7203125 0.39513888888888893 0.084375 0.09583333333333334
