0 0.44062500000000004 0.46319444444444446 0.0921875 0.2013888888888889
0 0.34804687500000003 0.32430555555555557 0.07421875 0.12361111111111112
0 0.47109375000000003 0.21458333333333335 0.05 0.0763888888888889
0 0.6195312500000001 0.24791666666666667 0.0703125 0.09027777777777778
0 0.679296875 0.18611111111111112 0.05859375 0.08333333333333334
0 0.8972656250000001 0.3277777777777778 0.12578125 0.1277777777777778
0 0.474609375 0.1 0.03515625 0.0638888888888889
0 0.42265625 0.08819444444444445 0.03125 0.04027777777777778
0 0.8148437500000001 0.12847222222222224 0.060937500000000006 0.05416666666666667
1 0.252734375 0.19375 0.13203125000000002 0.2125
0 0.9148437500000001 0.9013888888888889 0.15937500000000002 0.19444444444444445
0 0.77265625 0.06875 0.05625 0.0625
0 0.66796875 0.014583333333333334 0.05 0.029166666666666667
0 0.373828125 0.07777777777777778 0.02734375 0.044444444444444446
0 0.39140625 0.043055555555555555 0.018750000000000003 0.02777777777777778
0 0.41250000000000003 0.013194444444444444 0.0203125 0.02361111111111111
0 0.444921875 0.017361111111111112 0.01640625 0.02361111111111111
0 0.4765625 0.021527777777777778 0.015625 0.02361111111111111
0 0.468359375 0.04652777777777778 0.025781250000000002 0.02361111111111111
0 0.6390625000000001 0.07152777777777779 0.029687500000000002 0.043055555555555555
