0 0.408984375 0.7125 0.11015625000000001 0.24722222222222223
0 0.5390625 0.5256944444444445 0.1125 0.22083333333333335
0 0.7195312500000001 0.5715277777777777 0.15000000000000002 0.21805555555555556
0 0.5640625 0.36319444444444443 0.06875 0.10138888888888889
0 0.41718750000000004 0.4729166666666667 0.07500000000000001 0.13472222222222222
0 0.21992187500000002 0.5729166666666667 0.09765625 0.1763888888888889
0 0.46484375 0.3229166666666667 0.053125000000000006 0.09861111111111112
0 0.40156250000000004 0.34097222222222223 0.053125000000000006 0.09583333333333334
0 0.48125 0.24722222222222223 0.0390625 0.05277777777777778
0 0.44296875 0.2451388888888889 0.029687500000000002 0.059722222222222225
0 0.39960937500000004 0.2451388888888889 0.03515625 0.05416666666666667
0 0.17539062500000002 0.3180555555555556 0.06171875 0.09444444444444444
0 0.158984375 0.4430555555555556 0.08828125 0.14722222222222223
0 0.059765625 0.6326388888888889 0.11171875 0.19583333333333333
0 0.24140625000000002 0.24375000000000002 0.0328125 0.04583333333333334
1 0.714453125 0.28125 0.15078125 0.1763888888888889
0 0.40468750000000003 0.19236111111111112 0.0171875 0.03194444444444445
0 0.427734375 0.2152777777777778 0.022656250000000003 0.03333333333333333
0 0.466796875 0.20069444444444445 0.025781250000000002 0.02638888888888889
0 0.44570312500000003 0.17708333333333334 0.017968750000000002 0.02638888888888889
0 0.43203125000000003 0.19375 0.0234375 0.034722222222222224
0 0.416796875 0.16805555555555557 0.01640625 0.02777777777777778
0 0.39453125 0.18333333333333335 0.0140625 0.030555555555555558
0 0.416015625 0.14305555555555557 0.01640625 0.019444444444444445
0 0.39687500000000003 0.15486111111111112 0.0125 0.02361111111111111
0 0.32734375000000004 0.26180555555555557 0.025 0.05694444444444444
