0 0.40937500000000004 0.7611111111111112 0.10625000000000001 0.25277777777777777
0 0.521484375 0.5618055555555556 0.07734375 0.14305555555555557
0 0.796875 0.63125 0.1421875 0.15972222222222224
0 0.32851562500000003 0.3909722222222222 0.04453125 0.059722222222222225
0 0.42578125 0.3375 0.035937500000000004 0.04722222222222222
0 0.479296875 0.3541666666666667 0.04609375 0.07777777777777778
0 0.370703125 0.30069444444444443 0.02734375 0.034722222222222224
0 0.38710937500000003 0.2673611111111111 0.01953125 0.03194444444444445
0 0.451953125 0.25833333333333336 0.01953125 0.030555555555555558
0 0.53515625 0.2881944444444445 0.029687500000000002 0.04027777777777778
0 0.716796875 0.4340277777777778 0.09296875 0.10138888888888889
0 0.9640625 0.5638888888888889 0.0703125 0.14722222222222223
0 0.587109375 0.3597222222222222 0.05234375 0.09444444444444444
0 0.651953125 0.3388888888888889 0.05234375 0.07222222222222223
0 0.572265625 0.2763888888888889 0.02890625 0.03888888888888889
