0 0.270703125 0.2972222222222222 0.08828125 0.1527777777777778
0 0.33515625000000004 0.14791666666666667 0.051562500000000004 0.09583333333333334
0 0.46796875000000004 0.20694444444444446 0.0546875 0.10555555555555556
0 0.43125 0.09097222222222223 0.028125 0.05694444444444444
0 0.436328125 0.025 0.022656250000000003 0.036111111111111115
0 0.40703125 0.05 0.028125 0.04722222222222222
0 0.925390625 0.7513888888888889 0.13515625 0.36944444444444446
0 0.968359375 0.4430555555555556 0.06171875 0.15
0 0.727734375 0.30069444444444443 0.10234375000000001 0.12916666666666668
0 0.7609375 0.19861111111111113 0.0890625 0.08888888888888889
0 0.59921875 0.19375 0.0625 0.10416666666666667
0 0.6433593750000001 0.14722222222222223 0.05390625 0.0638888888888889
0 0.5320312500000001 0.09375 0.040625 0.04861111111111111
0 0.40859375000000003 0.015972222222222224 0.0125 0.020833333333333336
0 0.38710937500000003 0.008333333333333333 0.017968750000000002 0.016666666666666666
0 0.566015625 0.06944444444444445 0.030468750000000003 0.04722222222222222
0 0.515234375 0.06527777777777778 0.022656250000000003 0.03333333333333333
0 0.491796875 0.04236111111111111 0.01640625 0.029166666666666667
