0 0.8441406250000001 0.5715277777777777 0.19140625 0.20972222222222223
0 0.2984375 0.8034722222222223 0.1625 0.3902777777777778
0 0.38203125000000004 0.3576388888888889 0.0703125 0.12916666666666668
0 0.3984375 0.17291666666666666 0.040625 0.07361111111111111
0 0.46914062500000003 0.17083333333333334 0.04453125 0.0638888888888889
0 0.455859375 0.10486111111111111 0.03359375 0.04027777777777778
0 0.41718750000000004 0.05416666666666667 0.025 0.03888888888888889
0 0.44609375 0.04583333333333334 0.021875000000000002 0.030555555555555558
0 0.5886718750000001 0.8006944444444445 0.22265625 0.39583333333333337
0 0.5734375 0.15972222222222224 0.078125 0.08055555555555556
0 0.519921875 0.075 0.03671875 0.058333333333333334
0 0.550390625 0.050694444444444445 0.025781250000000002 0.043055555555555555
0 0.43867187500000004 0.011111111111111112 0.02109375 0.019444444444444445
0 0.39570312500000004 0.011805555555555555 0.02109375 0.02361111111111111
