0 0.47734375 0.40972222222222227 0.0890625 0.19722222222222224
0 0.5906250000000001 0.30833333333333335 0.0734375 0.14444444444444446
0 0.7957031250000001 0.28541666666666665 0.10703125000000001 0.13194444444444445
0 0.8308593750000001 0.17430555555555557 0.08515625 0.11527777777777778
0 0.919921875 0.13333333333333333 0.09453125000000001 0.11388888888888889
0 0.512109375 0.16458333333333333 0.06015625 0.10972222222222222
0 0.5613281250000001 0.10138888888888889 0.04609375 0.08055555555555556
0 0.536328125 0.034722222222222224 0.03359375 0.061111111111111116
0 0.43984375000000003 0.02777777777777778 0.035937500000000004 0.05277777777777778
0 0.712109375 0.8493055555555555 0.18515625000000002 0.13472222222222222
0 0.6429687500000001 0.04166666666666667 0.060937500000000006 0.06944444444444445
