0 0.841015625 0.7555555555555555 0.15390625000000002 0.17222222222222222
0 0.581640625 0.6826388888888889 0.08359375000000001 0.17916666666666667
0 0.44960937500000003 0.5861111111111111 0.06015625 0.1388888888888889
0 0.41953125 0.38958333333333334 0.026562500000000003 0.04861111111111111
0 0.47382812500000004 0.3826388888888889 0.025781250000000002 0.034722222222222224
0 0.91796875 0.5506944444444445 0.10625000000000001 0.12361111111111112
0 0.51171875 0.36944444444444446 0.026562500000000003 0.04166666666666667
0 0.640234375 0.45208333333333334 0.04609375 0.051388888888888894
0 0.60078125 0.39375 0.0390625 0.04583333333333334
0 0.448828125 0.32430555555555557 0.01640625 0.03194444444444445
0 0.48203125 0.33263888888888893 0.0203125 0.020833333333333336
