0 0.34375 0.3854166666666667 0.078125 0.1513888888888889
0 0.46875 0.15555555555555556 0.029687500000000002 0.05
0 0.43203125000000003 0.14027777777777778 0.03125 0.058333333333333334
0 0.54296875 0.13194444444444445 0.03125 0.044444444444444446
0 0.658203125 0.16875 0.04453125 0.0625
0 0.491796875 0.09722222222222222 0.02421875 0.04166666666666667
0 0.45625000000000004 0.07361111111111111 0.026562500000000003 0.036111111111111115
0 0.714453125 0.8930555555555556 0.21484375 0.2
0 0.9675781250000001 0.675 0.06171875 0.19722222222222224
0 0.60859375 0.08263888888888889 0.026562500000000003 0.051388888888888894
0 0.65390625 0.05277777777777778 0.026562500000000003 0.03888888888888889
0 0.5359375000000001 0.07777777777777778 0.037500000000000006 0.044444444444444446
1 0.491796875 0.03888888888888889 0.025781250000000002 0.0638888888888889
