0 0.595703125 0.7159722222222222 0.11953125 0.19583333333333333
1 0.21796875000000002 0.4354166666666667 0.11093750000000001 0.16527777777777777
0 0.52109375 0.4916666666666667 0.060937500000000006 0.08888888888888889
0 0.6082031250000001 0.5284722222222222 0.06171875 0.10138888888888889
0 0.45546875000000003 0.45972222222222225 0.046875 0.0638888888888889
0 0.5476562500000001 0.4152777777777778 0.0421875 0.0638888888888889
0 0.49296875 0.41944444444444445 0.034375 0.06944444444444445
0 0.5164062500000001 0.36736111111111114 0.029687500000000002 0.04583333333333334
0 0.48359375000000004 0.3590277777777778 0.018750000000000003 0.04027777777777778
0 0.916015625 0.6055555555555556 0.16328125000000002 0.3611111111111111
0 0.45429687500000004 0.7194444444444444 0.09765625 0.17222222222222222
0 0.28359375000000003 0.6451388888888889 0.0859375 0.14583333333333334
0 0.083984375 0.7368055555555556 0.16171875000000002 0.2013888888888889
0 0.27109375 0.5104166666666667 0.05625 0.07916666666666666
0 0.316015625 0.38680555555555557 0.03359375 0.06527777777777778
0 0.464453125 0.38958333333333334 0.02421875 0.04861111111111111
0 0.49765625 0.3840277777777778 0.025 0.04027777777777778
0 0.47578125000000004 0.34097222222222223 0.0140625 0.02638888888888889
0 0.451171875 0.36458333333333337 0.017968750000000002 0.03194444444444445
0 0.45742187500000003 0.32569444444444445 0.014843750000000001 0.018055555555555557
0 0.501171875 0.32916666666666666 0.017968750000000002 0.019444444444444445
0 0.478515625 0.30347222222222225 0.00703125 0.015277777777777779
