0 0.323046875 0.37777777777777777 0.08359375000000001 0.1638888888888889
0 0.18320312500000002 0.3493055555555556 0.09453125000000001 0.13194444444444445
0 0.44960937500000003 0.22291666666666668 0.047656250000000004 0.09583333333333334
0 0.84375 0.2569444444444445 0.1015625 0.1277777777777778
0 0.689453125 0.23472222222222222 0.07421875 0.10277777777777779
0 0.2921875 0.17916666666666667 0.051562500000000004 0.06944444444444445
0 0.36250000000000004 0.07291666666666667 0.029687500000000002 0.04861111111111111
0 0.412109375 0.08402777777777778 0.030468750000000003 0.04861111111111111
0 0.459765625 0.09444444444444444 0.02890625 0.05
0 0.42500000000000004 0.7756944444444445 0.19843750000000002 0.44583333333333336
0 0.683203125 0.030555555555555558 0.03359375 0.036111111111111115
0 0.44179687500000003 0.052083333333333336 0.022656250000000003 0.043055555555555555
0 0.41328125000000004 0.02777777777777778 0.021875000000000002 0.030555555555555558
0 0.46601562500000004 0.030555555555555558 0.017968750000000002 0.03333333333333333
0 0.5875 0.1736111111111111 0.096875 0.1277777777777778
0 0.735546875 0.5458333333333334 0.19921875 0.25277777777777777
0 0.616796875 0.05277777777777778 0.047656250000000004 0.058333333333333334
