0 0.41328125000000004 0.6486111111111111 0.1203125 0.3388888888888889
0 0.090234375 0.45416666666666666 0.14453125 0.19166666666666668
0 0.444921875 0.1736111111111111 0.05234375 0.08888888888888889
0 0.36367187500000003 0.14027777777777778 0.055468750000000004 0.07222222222222223
0 0.30195312500000004 0.11319444444444444 0.05390625 0.08750000000000001
0 0.735546875 0.2152777777777778 0.08984375 0.11388888888888889
0 0.847265625 0.19861111111111113 0.10546875 0.10555555555555556
0 0.8445312500000001 0.05277777777777778 0.07968750000000001 0.08055555555555556
0 0.42890625000000004 0.08125 0.037500000000000006 0.051388888888888894
0 0.39179687500000004 0.02777777777777778 0.032031250000000004 0.05
0 0.45351562500000003 0.03125 0.032031250000000004 0.051388888888888894
0 0.6488281250000001 0.02361111111111111 0.047656250000000004 0.036111111111111115
0 0.7875000000000001 0.43125 0.1703125 0.22361111111111112
