0 0.659765625 0.4777777777777778 0.09296875 0.18611111111111112
0 0.52890625 0.37430555555555556 0.06875 0.16805555555555557
0 0.43593750000000003 0.3125 0.0625 0.10277777777777779
0 0.505859375 0.15972222222222224 0.03515625 0.05
0 0.620703125 0.19236111111111112 0.04453125 0.0763888888888889
0 0.801953125 0.28611111111111115 0.08046875 0.1
0 0.56015625 0.14166666666666666 0.028125 0.044444444444444446
0 0.5640625 0.0951388888888889 0.018750000000000003 0.04027777777777778
0 0.6125 0.09236111111111112 0.025 0.043055555555555555
0 0.58125 0.03888888888888889 0.0171875 0.025
0 0.44570312500000003 0.8361111111111111 0.17734375000000002 0.3138888888888889
0 0.676953125 0.08402777777777778 0.03671875 0.059722222222222225
0 0.989453125 0.3145833333333333 0.01953125 0.08472222222222223
0 0.6015625 0.03680555555555556 0.015625 0.02638888888888889
0 0.6996093750000001 0.025694444444444447 0.03515625 0.051388888888888894
