0 0.44921875 0.5979166666666667 0.1171875 0.28194444444444444
0 0.46171875 0.23750000000000002 0.0546875 0.14444444444444446
0 0.39453125 0.15486111111111112 0.046875 0.06805555555555556
0 0.32109375 0.14027777777777778 0.0421875 0.058333333333333334
0 0.4625 0.09236111111111112 0.03125 0.04861111111111111
0 0.6984375 0.12916666666666668 0.0546875 0.061111111111111116
0 0.35625 0.0763888888888889 0.03125 0.03888888888888889
1 0.07421875 0.5375 0.1484375 0.513888888888889
0 0.139453125 0.9020833333333333 0.23046875 0.1875
0 0.8441406250000001 0.7465277777777778 0.26328125 0.40972222222222227
0 0.8953125000000001 0.40555555555555556 0.178125 0.19166666666666668
0 0.6175781250000001 0.24027777777777778 0.05859375 0.12222222222222223
0 0.7269531250000001 0.061111111111111116 0.041406250000000006 0.05
0 0.6898437500000001 0.030555555555555558 0.03125 0.04166666666666667
0 0.428515625 0.03263888888888889 0.030468750000000003 0.04027777777777778
0 0.390625 0.02777777777777778 0.034375 0.04722222222222222
0 0.474609375 0.035416666666666666 0.02109375 0.04583333333333334
