0 0.6292968750000001 0.6902777777777778 0.15859375 0.44722222222222224
0 0.274609375 0.3611111111111111 0.10703125000000001 0.21944444444444444
0 0.45820312500000004 0.3013888888888889 0.06796875000000001 0.1388888888888889
0 0.385546875 0.14791666666666667 0.05390625 0.09305555555555556
0 0.888671875 0.24861111111111112 0.11953125 0.1277777777777778
0 0.49140625000000004 0.024305555555555556 0.028125 0.04861111111111111
0 0.6941406250000001 0.10277777777777779 0.05859375 0.08611111111111111
0 0.9300781250000001 0.5583333333333333 0.12734375 0.39722222222222225
0 0.6351562500000001 0.058333333333333334 0.0546875 0.06944444444444445
0 0.76875 0.059722222222222225 0.0671875 0.10555555555555556
