0 0.5515625000000001 0.4076388888888889 0.09062500000000001 0.20972222222222223
0 0.38828125 0.3375 0.07187500000000001 0.14166666666666666
0 0.444140625 0.22291666666666668 0.049218750000000006 0.08472222222222223
0 0.458984375 0.12222222222222223 0.032031250000000004 0.05
0 0.9246093750000001 0.29375 0.11953125 0.10694444444444445
0 0.6953125 0.26666666666666666 0.07187500000000001 0.08333333333333334
0 0.5171875 0.125 0.037500000000000006 0.05
0 0.6015625 0.11597222222222223 0.034375 0.051388888888888894
0 0.47382812500000004 0.036111111111111115 0.030468750000000003 0.044444444444444446
0 0.51328125 0.06944444444444445 0.026562500000000003 0.04722222222222222
0 0.71484375 0.11875000000000001 0.0484375 0.10972222222222222
0 0.6175781250000001 0.03194444444444445 0.04296875 0.03888888888888889
0 0.50390625 0.029166666666666667 0.025 0.030555555555555558
