0 0.44843750000000004 0.4104166666666667 0.09062500000000001 0.24583333333333335
0 0.36875 0.23333333333333334 0.05625 0.1
0 0.269140625 0.20833333333333334 0.06484375 0.08055555555555556
0 0.456640625 0.13958333333333334 0.03671875 0.059722222222222225
0 0.33125000000000004 0.11319444444444444 0.043750000000000004 0.051388888888888894
0 0.6644531250000001 0.3402777777777778 0.09609375 0.13055555555555556
0 0.6917968750000001 0.18888888888888888 0.06484375 0.09166666666666667
0 0.37929687500000003 0.043750000000000004 0.02890625 0.04583333333333334
0 0.465625 0.059722222222222225 0.0203125 0.04166666666666667
0 0.84765625 0.4916666666666667 0.171875 0.24166666666666667
0 0.702734375 0.04027777777777778 0.041406250000000006 0.05555555555555556
0 0.66953125 0.02361111111111111 0.028125 0.04166666666666667
0 0.41835937500000003 0.05347222222222223 0.03359375 0.051388888888888894
0 0.444140625 0.029861111111111113 0.01640625 0.034722222222222224
0 0.41953125 0.011805555555555555 0.021875000000000002 0.02361111111111111
0 0.47187500000000004 0.016666666666666666 0.021875000000000002 0.03333333333333333
0 0.6546875000000001 0.08125 0.045312500000000006 0.0625
