0 0.278515625 0.4451388888888889 0.10390625 0.1875
0 0.216796875 0.2888888888888889 0.08984375 0.12222222222222223
0 0.44921875 0.2263888888888889 0.05625 0.11944444444444445
0 0.37890625 0.15972222222222224 0.045312500000000006 0.075
0 0.733984375 0.16944444444444445 0.07578125000000001 0.075
0 0.278125 0.8930555555555556 0.2171875 0.2111111111111111
0 0.408203125 0.08402777777777778 0.030468750000000003 0.043055555555555555
0 0.444140625 0.05277777777777778 0.02421875 0.05277777777777778
0 0.413671875 0.04513888888888889 0.02421875 0.034722222222222224
0 0.6566406250000001 0.09444444444444444 0.04609375 0.0638888888888889
0 0.740234375 0.31875000000000003 0.09140625000000001 0.10138888888888889
0 0.84765625 0.7423611111111111 0.18906250000000002 0.32083333333333336
0 0.43007812500000003 0.009027777777777779 0.014843750000000001 0.0125
