0 0.443359375 0.7138888888888889 0.08203125 0.17777777777777778
0 0.521875 0.4513888888888889 0.040625 0.08333333333333334
0 0.45820312500000004 0.45625000000000004 0.039843750000000004 0.07361111111111111
0 0.40625 0.3826388888888889 0.028125 0.04583333333333334
0 0.46328125000000003 0.3736111111111111 0.026562500000000003 0.04166666666666667
0 0.7562500000000001 0.6222222222222222 0.1015625 0.11388888888888889
0 0.7976562500000001 0.5347222222222222 0.0921875 0.10277777777777779
0 0.632421875 0.4430555555555556 0.04296875 0.0638888888888889
0 0.586328125 0.3763888888888889 0.032031250000000004 0.036111111111111115
0 0.42695312500000004 0.33194444444444443 0.02421875 0.03333333333333333
0 0.4921875 0.32708333333333334 0.0234375 0.04027777777777778
