0 0.42421875000000003 0.8604166666666667 0.134375 0.2763888888888889
0 0.19062500000000002 0.8548611111111112 0.17343750000000002 0.28750000000000003
0 0.425390625 0.47708333333333336 0.06484375 0.12083333333333333
0 0.358984375 0.35208333333333336 0.047656250000000004 0.08194444444444444
0 0.31640625 0.29305555555555557 0.046875 0.061111111111111116
0 0.45429687500000004 0.2986111111111111 0.03359375 0.058333333333333334
0 0.73203125 0.3423611111111111 0.06406250000000001 0.07083333333333333
0 0.852734375 0.31527777777777777 0.07890625000000001 0.0638888888888889
0 0.634375 0.5354166666666667 0.09375 0.12638888888888888
0 0.403125 0.24097222222222223 0.0234375 0.04027777777777778
0 0.64609375 0.35000000000000003 0.046875 0.06944444444444445
0 0.6312500000000001 0.2451388888888889 0.035937500000000004 0.04861111111111111
0 0.9140625 0.5243055555555556 0.15937500000000002 0.1875
0 0.85703125 0.8236111111111112 0.2484375 0.3055555555555556
0 0.44843750000000004 0.2263888888888889 0.028125 0.03333333333333333
0 0.61875 0.1798611111111111 0.0328125 0.04583333333333334
0 0.41328125000000004 0.20625000000000002 0.021875000000000002 0.02638888888888889
0 0.43476562500000004 0.18611111111111112 0.01171875 0.022222222222222223
0 0.45390625 0.16736111111111113 0.015625 0.02638888888888889
