0 0.814453125 0.37777777777777777 0.12109375 0.13611111111111113
0 0.14375000000000002 0.8583333333333334 0.22187500000000002 0.28055555555555556
0 0.459765625 0.24583333333333335 0.047656250000000004 0.075
0 0.4109375 0.21666666666666667 0.0421875 0.08055555555555556
0 0.5574218750000001 0.19583333333333333 0.04296875 0.07222222222222223
0 0.49296875 0.13819444444444445 0.029687500000000002 0.051388888888888894
0 0.44843750000000004 0.10277777777777779 0.025 0.030555555555555558
0 0.624609375 0.11597222222222223 0.02890625 0.04027777777777778
0 0.9789062500000001 0.3402777777777778 0.040625 0.10555555555555556
0 0.9753906250000001 0.17291666666666666 0.047656250000000004 0.10138888888888889
1 0.49296875 0.061111111111111116 0.03125 0.08055555555555556
0 0.5375 0.11180555555555556 0.034375 0.0763888888888889
