0 0.26640625 0.7305555555555556 0.16718750000000002 0.34444444444444444
0 0.3515625 0.33055555555555555 0.07500000000000001 0.1388888888888889
0 0.41523437500000004 0.12430555555555556 0.03671875 0.06527777777777778
0 0.696484375 0.04930555555555556 0.030468750000000003 0.029166666666666667
0 0.677734375 0.019444444444444445 0.05234375 0.02777777777777778
0 0.48281250000000003 0.07361111111111111 0.028125 0.04166666666666667
0 0.448828125 0.03680555555555556 0.025781250000000002 0.034722222222222224
0 0.029296875 0.7097222222222223 0.05859375 0.21666666666666667
0 0.41796875 0.019444444444444445 0.0328125 0.03888888888888889
0 0.483984375 0.009027777777777779 0.014843750000000001 0.015277777777777779
0 0.460546875 0.00625 0.017968750000000002 0.0125
0 0.9207031250000001 0.5263888888888889 0.15703125 0.23055555555555557
0 0.593359375 0.17708333333333334 0.06953125 0.10416666666666667
