0 0.57578125 0.4708333333333333 0.0765625 0.1388888888888889
0 0.6828125 0.31666666666666665 0.0703125 0.10833333333333334
0 0.528515625 0.3145833333333333 0.05390625 0.07916666666666666
0 0.6171875 0.27361111111111114 0.05625 0.08333333333333334
0 0.5183593750000001 0.24166666666666667 0.03828125 0.058333333333333334
0 0.56875 0.2138888888888889 0.034375 0.05555555555555556
0 0.6023437500000001 0.1840277777777778 0.0328125 0.0375
0 0.308203125 0.27708333333333335 0.055468750000000004 0.0763888888888889
0 0.16132812500000002 0.8770833333333333 0.17109375000000002 0.2013888888888889
0 0.345703125 0.4715277777777778 0.09140625000000001 0.1763888888888889
0 0.5203125000000001 0.18333333333333335 0.0203125 0.022222222222222223
0 0.551171875 0.18333333333333335 0.014843750000000001 0.03333333333333333
0 0.55078125 0.14583333333333334 0.0203125 0.03333333333333333
0 0.580078125 0.14652777777777778 0.01640625 0.020833333333333336
0 0.6667968750000001 0.13819444444444445 0.04296875 0.07083333333333333
0 0.52734375 0.15555555555555556 0.0125 0.019444444444444445
0 0.6160156250000001 0.21736111111111112 0.03671875 0.0375
