0 0.36796875 0.5118055555555556 0.09531250000000001 0.2125
0 0.465625 0.36180555555555555 0.051562500000000004 0.08750000000000001
0 0.42031250000000003 0.2986111111111111 0.034375 0.0638888888888889
0 0.37890625 0.2777777777777778 0.029687500000000002 0.061111111111111116
0 0.466796875 0.25277777777777777 0.030468750000000003 0.058333333333333334
0 0.413671875 0.21666666666666667 0.01640625 0.04166666666666667
0 0.44179687500000003 0.21805555555555556 0.017968750000000002 0.03333333333333333
0 0.673828125 0.63125 0.12578125 0.16527777777777777
0 0.4109375 0.9298611111111111 0.1375 0.1375
0 0.432421875 0.25833333333333336 0.025781250000000002 0.05555555555555556
0 0.39921875 0.24166666666666667 0.0203125 0.03888888888888889
0 0.434375 0.18611111111111112 0.0125 0.025
0 0.46992187500000004 0.21666666666666667 0.013281250000000001 0.030555555555555558
1 0.659375 0.36180555555555555 0.1125 0.22361111111111112
0 0.7195312500000001 0.28194444444444444 0.043750000000000004 0.05555555555555556
0 0.6109375 0.21875 0.0234375 0.02638888888888889
