0 0.46640625 0.40555555555555556 0.0703125 0.15833333333333333
0 0.59765625 0.3993055555555556 0.08281250000000001 0.15972222222222224
0 0.358203125 0.275 0.06484375 0.1388888888888889
0 0.487109375 0.18333333333333335 0.04296875 0.075
0 0.544921875 0.15763888888888888 0.04296875 0.0763888888888889
0 0.41640625000000003 0.16736111111111113 0.037500000000000006 0.04861111111111111
0 0.441015625 0.10277777777777779 0.02109375 0.044444444444444446
0 0.7777343750000001 0.3215277777777778 0.09296875 0.10694444444444445
0 0.890625 0.23333333333333334 0.0859375 0.08611111111111111
0 0.6101562500000001 0.0951388888888889 0.040625 0.051388888888888894
0 0.6640625 0.16111111111111112 0.059375000000000004 0.08333333333333334
0 0.7351562500000001 0.13333333333333333 0.0546875 0.13611111111111113
0 0.524609375 0.05277777777777778 0.02734375 0.036111111111111115
