0 0.5964843750000001 0.6729166666666667 0.11171875 0.24305555555555555
0 0.44648437500000004 0.5861111111111111 0.08359375000000001 0.19444444444444445
0 0.5125000000000001 0.3472222222222222 0.034375 0.08333333333333334
0 0.471484375 0.275 0.02890625 0.04166666666666667
0 0.521875 0.27847222222222223 0.028125 0.04861111111111111
0 0.572265625 0.2833333333333333 0.02890625 0.04722222222222222
0 0.95703125 0.6805555555555556 0.084375 0.18333333333333335
0 0.9328125 0.888888888888889 0.1328125 0.2111111111111111
0 0.8 0.26805555555555555 0.043750000000000004 0.05555555555555556
0 0.63671875 0.26875 0.034375 0.051388888888888894
0 0.504296875 0.2138888888888889 0.02109375 0.03333333333333333
0 0.5296875 0.22569444444444445 0.018750000000000003 0.034722222222222224
0 0.56640625 0.2423611111111111 0.021875000000000002 0.020833333333333336
