0 0.28750000000000003 0.4847222222222222 0.060937500000000006 0.10277777777777779
0 0.42304687500000004 0.41250000000000003 0.04296875 0.06944444444444445
0 0.504296875 0.4604166666666667 0.05859375 0.11805555555555557
0 0.659765625 0.46319444444444446 0.08359375000000001 0.08194444444444444
0 0.83203125 0.45972222222222225 0.109375 0.09444444444444444
0 0.358984375 0.3402777777777778 0.032031250000000004 0.04722222222222222
0 0.37812500000000004 0.28958333333333336 0.0234375 0.034722222222222224
0 0.455859375 0.28750000000000003 0.02421875 0.03333333333333333
0 0.55 0.3201388888888889 0.035937500000000004 0.03194444444444445
0 0.44648437500000004 0.25 0.02421875 0.025
0 0.606640625 0.9243055555555556 0.16328125000000002 0.1486111111111111
0 0.946875 0.8819444444444445 0.1046875 0.23055555555555557
0 0.9753906250000001 0.7097222222222223 0.047656250000000004 0.11111111111111112
0 0.6761718750000001 0.32916666666666666 0.07109375 0.08055555555555556
