0 0.48750000000000004 0.29791666666666666 0.0671875 0.11527777777777778
0 0.33632812500000003 0.17569444444444446 0.04609375 0.06805555555555556
0 0.42226562500000003 0.10972222222222222 0.032031250000000004 0.058333333333333334
0 0.701171875 0.27361111111111114 0.08359375000000001 0.1
0 0.847265625 0.16736111111111113 0.08203125 0.09583333333333334
0 0.5984375000000001 0.1326388888888889 0.05625 0.05694444444444444
0 0.4296875 0.05 0.026562500000000003 0.03888888888888889
0 0.463671875 0.021527777777777778 0.01953125 0.02638888888888889
0 0.041015625 0.9458333333333334 0.08203125 0.10555555555555556
0 0.969921875 0.3340277777777778 0.05390625 0.15694444444444444
0 0.39609375 0.014583333333333334 0.0203125 0.029166666666666667
