0 0.460546875 0.5173611111111112 0.057031250000000006 0.12638888888888888
0 0.541015625 0.525 0.06171875 0.16111111111111112
0 0.39765625000000004 0.3979166666666667 0.045312500000000006 0.07083333333333333
0 0.463671875 0.39722222222222225 0.030468750000000003 0.075
0 0.416015625 0.3340277777777778 0.02890625 0.04027777777777778
0 0.499609375 0.3388888888888889 0.02109375 0.04166666666666667
0 0.46601562500000004 0.3013888888888889 0.01953125 0.030555555555555558
0 0.925390625 0.5611111111111111 0.12265625000000001 0.15833333333333333
0 0.441015625 0.2777777777777778 0.017968750000000002 0.036111111111111115
0 0.42890625000000004 0.9229166666666667 0.12187500000000001 0.1513888888888889
0 0.67890625 0.525 0.08281250000000001 0.1
0 0.7429687500000001 0.4673611111111111 0.0734375 0.09027777777777778
0 0.60859375 0.39513888888888893 0.0421875 0.06805555555555556
0 0.573828125 0.35347222222222224 0.032031250000000004 0.05694444444444444
0 0.603515625 0.33472222222222225 0.032031250000000004 0.05555555555555556
0 0.494140625 0.30625 0.022656250000000003 0.029166666666666667
0 0.467578125 0.2715277777777778 0.014843750000000001 0.02638888888888889
0 0.4859375 0.27083333333333337 0.010937500000000001 0.02777777777777778
0 0.628515625 0.325 0.017968750000000002 0.030555555555555558
0 0.46328125000000003 0.34097222222222223 0.028125 0.04861111111111111
