0 0.45429687500000004 0.7243055555555555 0.13046875 0.37083333333333335
0 0.435546875 0.34097222222222223 0.07109375 0.13472222222222222
0 0.720703125 0.16458333333333333 0.06328125 0.07083333333333333
0 0.4625 0.17430555555555557 0.045312500000000006 0.07083333333333333
0 0.40351562500000004 0.15347222222222223 0.041406250000000006 0.0625
0 0.441015625 0.04930555555555556 0.01953125 0.043055555555555555
0 0.47734375 0.09652777777777778 0.0328125 0.051388888888888894
0 0.34375 0.08125 0.07500000000000001 0.14583333333333334
0 0.40156250000000004 0.0375 0.021875000000000002 0.030555555555555558
0 0.4546875 0.005555555555555556 0.0140625 0.011111111111111112
0 0.6734375 0.08750000000000001 0.025 0.044444444444444446
0 0.646484375 0.16180555555555556 0.06015625 0.07916666666666666
0 0.976171875 0.25625000000000003 0.04609375 0.08750000000000001
0 0.9750000000000001 0.18611111111111112 0.0484375 0.05277777777777778
0 0.6742187500000001 0.01388888888888889 0.0484375 0.02777777777777778
0 0.11328125 0.9277777777777778 0.203125 0.14166666666666666
0 0.9015625 0.9131944444444445 0.18906250000000002 0.15694444444444444
0 0.47890625000000003 0.043750000000000004 0.021875000000000002 0.043055555555555555
0 0.9339843750000001 0.6006944444444444 0.13046875 0.2263888888888889
