0 0.26210937500000003 0.5381944444444444 0.12265625000000001 0.24583333333333335
0 0.484375 0.49375 0.08125 0.1763888888888889
0 0.9378906250000001 0.6375000000000001 0.12265625000000001 0.225
0 0.5703125 0.2534722222222222 0.051562500000000004 0.09027777777777778
0 0.41914062500000004 0.2076388888888889 0.04296875 0.06527777777777778
0 0.5 0.1638888888888889 0.03125 0.058333333333333334
0 0.44765625000000003 0.12361111111111112 0.028125 0.04166666666666667
0 0.5398437500000001 0.11736111111111111 0.028125 0.03194444444444445
0 0.809765625 0.2638888888888889 0.08828125 0.09722222222222222
0 0.8933593750000001 0.23541666666666666 0.06484375 0.10972222222222222
0 0.659765625 0.16805555555555557 0.06796875000000001 0.08333333333333334
0 0.603515625 0.09861111111111112 0.025781250000000002 0.05
0 0.654296875 0.06319444444444444 0.025781250000000002 0.043055555555555555
0 0.49648437500000003 0.09930555555555556 0.02890625 0.034722222222222224
