0 0.19140625 0.7590277777777779 0.1046875 0.16805555555555557
0 0.507421875 0.8729166666666667 0.11015625000000001 0.20694444444444446
0 0.6566406250000001 0.7583333333333334 0.15390625000000002 0.29444444444444445
0 0.55234375 0.5701388888888889 0.0578125 0.0763888888888889
0 0.61484375 0.5256944444444445 0.046875 0.04861111111111111
0 0.49335937500000004 0.5298611111111111 0.04453125 0.0763888888888889
0 0.58828125 0.4729166666666667 0.035937500000000004 0.0625
0 0.53125 0.46597222222222223 0.035937500000000004 0.059722222222222225
0 0.48867187500000003 0.46597222222222223 0.02890625 0.051388888888888894
0 0.18359375 0.6083333333333334 0.078125 0.11388888888888889
0 0.265625 0.5375 0.05 0.09166666666666667
0 0.540234375 0.40694444444444444 0.017968750000000002 0.03333333333333333
0 0.697265625 0.48541666666666666 0.04609375 0.06805555555555556
0 0.9652343750000001 0.6916666666666667 0.03359375 0.10833333333333334
0 0.49296875 0.43194444444444446 0.0203125 0.02777777777777778
0 0.524609375 0.42291666666666666 0.017968750000000002 0.029166666666666667
0 0.55234375 0.43472222222222223 0.0234375 0.030555555555555558
0 0.598828125 0.4118055555555556 0.02734375 0.034722222222222224
0 0.5078125 0.39375 0.0203125 0.034722222222222224
