0 0.18867187500000002 0.7979166666666667 0.21328125 0.4013888888888889
0 0.380859375 0.23680555555555557 0.057031250000000006 0.08750000000000001
0 0.6628906250000001 0.34375 0.08671875000000001 0.11527777777777778
0 0.74765625 0.24583333333333335 0.08125 0.1
0 0.8296875 0.25416666666666665 0.0921875 0.09166666666666667
0 0.48125 0.14930555555555555 0.0421875 0.043055555555555555
0 0.862890625 0.74375 0.24453125 0.4041666666666667
0 0.66328125 0.15486111111111112 0.07500000000000001 0.10138888888888889
0 0.65625 0.025694444444444447 0.028125 0.03194444444444445
0 0.6878906250000001 0.021527777777777778 0.032031250000000004 0.034722222222222224
0 0.463671875 0.09375 0.030468750000000003 0.04583333333333334
0 0.43984375000000003 0.061111111111111116 0.0203125 0.03333333333333333
0 0.401953125 0.03402777777777778 0.039843750000000004 0.06805555555555556
0 0.455859375 0.014583333333333334 0.01953125 0.02361111111111111
0 0.47968750000000004 0.058333333333333334 0.021875000000000002 0.03333333333333333
0 0.4859375 0.030555555555555558 0.0171875 0.019444444444444445
