0 0.451953125 0.46111111111111114 0.11171875 0.25
0 0.33906250000000004 0.1902777777777778 0.051562500000000004 0.08611111111111111
0 0.408203125 0.1951388888888889 0.04453125 0.08194444444444444
0 0.46601562500000004 0.19791666666666669 0.047656250000000004 0.08194444444444444
0 0.7464843750000001 0.2215277777777778 0.08359375000000001 0.11527777777777778
0 0.4703125 0.08680555555555555 0.0234375 0.04861111111111111
0 0.4140625 0.06875 0.021875000000000002 0.0375
0 0.443359375 0.07847222222222222 0.022656250000000003 0.043055555555555555
0 0.691015625 0.4763888888888889 0.10390625 0.125
0 0.15195312500000002 0.9298611111111111 0.20390625 0.1375
0 0.4375 0.14166666666666666 0.026562500000000003 0.04722222222222222
0 0.42812500000000003 0.11111111111111112 0.029687500000000002 0.04166666666666667
0 0.479296875 0.051388888888888894 0.02421875 0.02777777777777778
