0 0.899609375 0.6465277777777778 0.16328125000000002 0.17083333333333334
0 0.726171875 0.6138888888888889 0.09921875000000001 0.13055555555555556
0 0.41796875 0.5590277777777778 0.0625 0.1375
0 0.4890625 0.4777777777777778 0.0421875 0.08055555555555556
0 0.338671875 0.44027777777777777 0.039843750000000004 0.058333333333333334
0 0.546484375 0.3680555555555556 0.030468750000000003 0.03888888888888889
0 0.4234375 0.36944444444444446 0.029687500000000002 0.044444444444444446
0 0.39140625 0.31319444444444444 0.0203125 0.029166666666666667
0 0.6136718750000001 0.42083333333333334 0.06015625 0.08611111111111111
0 0.782421875 0.46944444444444444 0.09296875 0.09722222222222222
0 0.46210937500000004 0.33194444444444443 0.030468750000000003 0.05
0 0.425390625 0.32430555555555557 0.01640625 0.029166666666666667
0 0.51796875 0.3215277777777778 0.034375 0.0375
