0 0.42265625 0.6458333333333334 0.07968750000000001 0.18333333333333335
0 0.35546875 0.49444444444444446 0.059375000000000004 0.09444444444444444
0 0.28359375000000003 0.45555555555555555 0.060937500000000006 0.06944444444444445
0 0.398046875 0.375 0.032031250000000004 0.05555555555555556
0 0.44843750000000004 0.3701388888888889 0.03125 0.04027777777777778
0 0.5906250000000001 0.5131944444444445 0.0703125 0.07916666666666666
0 0.66171875 0.3201388888888889 0.029687500000000002 0.034722222222222224
0 0.43203125000000003 0.3145833333333333 0.0234375 0.03194444444444445
0 0.606640625 0.26944444444444443 0.039843750000000004 0.0638888888888889
0 0.455859375 0.2916666666666667 0.014843750000000001 0.03333333333333333
0 0.405859375 0.2659722222222222 0.014843750000000001 0.02361111111111111
0 0.4296875 0.28125 0.021875000000000002 0.02638888888888889
0 0.455078125 0.26180555555555557 0.01015625 0.015277777777777779
0 0.4390625 0.2534722222222222 0.0140625 0.018055555555555557
