0 0.651953125 0.7923611111111112 0.13359375 0.24583333333333335
0 0.47695312500000003 0.6236111111111111 0.08828125 0.16111111111111112
0 0.633984375 0.5125000000000001 0.07890625000000001 0.11666666666666667
0 0.44570312500000003 0.41944444444444445 0.047656250000000004 0.08333333333333334
0 0.526953125 0.46319444444444446 0.06171875 0.10416666666666667
0 0.523046875 0.3138888888888889 0.02890625 0.0638888888888889
0 0.435546875 0.3388888888888889 0.03515625 0.05277777777777778
0 0.48085937500000003 0.3111111111111111 0.041406250000000006 0.09166666666666667
0 0.201171875 0.38125000000000003 0.057031250000000006 0.0763888888888889
0 0.195703125 0.6645833333333333 0.11953125 0.2152777777777778
0 0.040234375 0.6402777777777778 0.08046875 0.17222222222222222
0 0.268359375 0.3263888888888889 0.03671875 0.04166666666666667
0 0.53359375 0.3854166666666667 0.053125000000000006 0.05416666666666667
0 0.61640625 0.33263888888888893 0.0390625 0.04583333333333334
0 0.575390625 0.3041666666666667 0.025781250000000002 0.022222222222222223
0 0.556640625 0.2791666666666667 0.01953125 0.022222222222222223
0 0.43515625 0.2826388888888889 0.0171875 0.03194444444444445
0 0.45703125 0.25625000000000003 0.0171875 0.02361111111111111
0 0.47773437500000004 0.2555555555555556 0.01171875 0.016666666666666666
