0 0.44179687500000003 0.8722222222222222 0.12109375 0.25277777777777777
0 0.9398437500000001 0.7118055555555556 0.11875000000000001 0.1875
0 0.362890625 0.48888888888888893 0.05390625 0.09722222222222222
0 0.46406250000000004 0.4791666666666667 0.046875 0.07222222222222223
0 0.46132812500000003 0.3979166666666667 0.03828125 0.05694444444444444
0 0.4078125 0.36875 0.03125 0.0375
0 0.51328125 0.37986111111111115 0.025 0.05416666666666667
0 0.46914062500000003 0.31527777777777777 0.022656250000000003 0.030555555555555558
0 0.431640625 0.3055555555555556 0.01640625 0.025
0 0.6394531250000001 0.882638888888889 0.16015625 0.2263888888888889
0 0.9558593750000001 0.4173611111111111 0.08671875000000001 0.16527777777777777
0 0.61640625 0.40555555555555556 0.045312500000000006 0.06944444444444445
0 0.67890625 0.41111111111111115 0.051562500000000004 0.10277777777777779
0 0.577734375 0.33611111111111114 0.03828125 0.05277777777777778
0 0.618359375 0.3277777777777778 0.032031250000000004 0.06666666666666667
0 0.50625 0.33194444444444443 0.03125 0.036111111111111115
