0 0.6644531250000001 0.6548611111111111 0.12421875 0.28194444444444444
0 0.500390625 0.46458333333333335 0.07890625000000001 0.2013888888888889
0 0.61328125 0.3138888888888889 0.059375000000000004 0.10833333333333334
0 0.45820312500000004 0.2326388888888889 0.04296875 0.059722222222222225
0 0.5261718750000001 0.25972222222222224 0.04453125 0.10833333333333334
0 0.925390625 0.5409722222222222 0.14765625000000002 0.1875
0 0.8890625000000001 0.2881944444444445 0.09375 0.10694444444444445
0 0.49648437500000003 0.14097222222222222 0.022656250000000003 0.043055555555555555
0 0.591796875 0.16458333333333333 0.03828125 0.05694444444444444
0 0.128515625 0.8152777777777778 0.24609375 0.35833333333333334
0 0.7957031250000001 0.1388888888888889 0.06171875 0.075
0 0.675390625 0.14166666666666666 0.06015625 0.07222222222222223
0 0.5421875 0.13541666666666669 0.0390625 0.05694444444444444
0 0.587109375 0.10138888888888889 0.02421875 0.044444444444444446
0 0.6449218750000001 0.08402777777777778 0.02734375 0.04027777777777778
0 0.6917968750000001 0.06180555555555556 0.03359375 0.043055555555555555
0 0.5453125 0.09722222222222222 0.0171875 0.03333333333333333
0 0.5574218750000001 0.05694444444444444 0.014843750000000001 0.030555555555555558
0 0.576171875 0.052083333333333336 0.022656250000000003 0.034722222222222224
