0 0.42265625 0.8506944444444445 0.1296875 0.2847222222222222
0 0.384765625 0.45555555555555555 0.05859375 0.13055555555555556
0 0.466796875 0.34375 0.03359375 0.0625
0 0.385546875 0.275 0.025781250000000002 0.030555555555555558
0 0.42500000000000004 0.29375 0.026562500000000003 0.0375
0 0.7332031250000001 0.30486111111111114 0.049218750000000006 0.034722222222222224
0 0.40546875000000004 0.24444444444444446 0.0171875 0.025
0 0.43593750000000003 0.2569444444444445 0.0203125 0.036111111111111115
1 0.68671875 0.38819444444444445 0.1296875 0.23194444444444445
0 0.582421875 0.4291666666666667 0.07109375 0.11666666666666667
0 0.903515625 0.7701388888888889 0.18984375 0.25972222222222224
0 0.46640625 0.25416666666666665 0.0203125 0.03333333333333333
0 0.443359375 0.22222222222222224 0.017968750000000002 0.022222222222222223
0 0.61328125 0.22847222222222224 0.025 0.0375
0 0.4703125 0.21944444444444444 0.0125 0.022222222222222223
0 0.43789062500000003 0.19791666666666669 0.01171875 0.0125
