0 0.8515625 0.6847222222222222 0.2015625 0.2388888888888889
0 0.8125 0.37222222222222223 0.12187500000000001 0.125
0 0.326953125 0.4361111111111111 0.06640625 0.11666666666666667
0 0.337890625 0.3 0.039843750000000004 0.07777777777777778
0 0.28046875 0.2388888888888889 0.029687500000000002 0.04722222222222222
0 0.38593750000000004 0.2388888888888889 0.037500000000000006 0.05277777777777778
0 0.48515625 0.24097222222222223 0.05625 0.059722222222222225
0 0.607421875 0.22708333333333333 0.10234375000000001 0.10416666666666667
0 0.36054687500000004 0.18125 0.02734375 0.04027777777777778
0 0.441015625 0.20208333333333334 0.030468750000000003 0.043055555555555555
0 0.48867187500000003 0.18541666666666667 0.039843750000000004 0.043055555555555555
0 0.33632812500000003 0.16041666666666668 0.01015625 0.020833333333333336
