0 0.3484375 0.4118055555555556 0.09375 0.17916666666666667
0 0.38984375000000004 0.2423611111111111 0.0578125 0.12083333333333333
0 0.458984375 0.2263888888888889 0.06015625 0.12222222222222223
0 0.42304687500000004 0.12638888888888888 0.03828125 0.08055555555555556
0 0.4765625 0.10069444444444445 0.0328125 0.07083333333333333
0 0.7312500000000001 0.17847222222222223 0.06406250000000001 0.09027777777777778
0 0.7250000000000001 0.29097222222222224 0.08125 0.12916666666666668
0 0.64765625 0.34444444444444444 0.07968750000000001 0.14722222222222223
1 0.796875 0.08472222222222223 0.109375 0.10555555555555556
0 0.46718750000000003 0.05 0.0203125 0.03333333333333333
0 0.45 0.043055555555555555 0.021875000000000002 0.044444444444444446
0 0.48164062500000004 0.03402777777777778 0.014843750000000001 0.034722222222222224
