0 0.205078125 0.3979166666666667 0.09921875000000001 0.2013888888888889
0 0.36484375 0.3076388888888889 0.07187500000000001 0.14027777777777778
0 0.45546875000000003 0.3375 0.0890625 0.15833333333333333
0 0.419921875 0.2 0.05234375 0.08333333333333334
0 0.386328125 0.08402777777777778 0.032031250000000004 0.05694444444444444
0 0.465625 0.09791666666666667 0.034375 0.06527777777777778
0 0.43125 0.08472222222222223 0.029687500000000002 0.05
0 0.4109375 0.12986111111111112 0.035937500000000004 0.06527777777777778
0 0.439453125 0.058333333333333334 0.022656250000000003 0.036111111111111115
0 0.466796875 0.04652777777777778 0.01953125 0.0375
0 0.44140625 0.034722222222222224 0.0125 0.016666666666666666
0 0.45156250000000003 0.01875 0.0125 0.02638888888888889
0 0.46953125 0.018055555555555557 0.015625 0.030555555555555558
0 0.6492187500000001 0.10694444444444445 0.040625 0.0638888888888889
0 0.76484375 0.6020833333333333 0.16875 0.2652777777777778
0 0.646484375 0.18125 0.047656250000000004 0.08472222222222223
