0 0.5359375000000001 0.33055555555555555 0.0765625 0.19166666666666668
0 0.659375 0.31527777777777777 0.08750000000000001 0.1638888888888889
0 0.4734375 0.16111111111111112 0.0546875 0.09444444444444444
0 0.6171875 0.13680555555555557 0.051562500000000004 0.08194444444444444
0 0.55234375 0.11805555555555557 0.0484375 0.08611111111111111
0 0.515625 0.05625 0.025 0.05416666666666667
0 0.5554687500000001 0.050694444444444445 0.034375 0.0625
0 0.6062500000000001 0.06875 0.034375 0.0625
0 0.870703125 0.3215277777777778 0.12421875 0.15416666666666667
0 0.79609375 0.8854166666666667 0.21250000000000002 0.2263888888888889
0 0.9484375 0.23402777777777778 0.09843750000000001 0.14583333333333334
0 0.712109375 0.08750000000000001 0.03828125 0.05555555555555556
0 0.5300781250000001 0.015972222222222224 0.01953125 0.02638888888888889
0 0.5609375 0.01388888888888889 0.015625 0.019444444444444445
0 0.59609375 0.02777777777777778 0.0328125 0.03888888888888889
0 0.66953125 0.02638888888888889 0.03125 0.03888888888888889
