0 0.5953125 0.6326388888888889 0.1390625 0.28750000000000003
0 0.34296875000000004 0.20555555555555557 0.053125000000000006 0.075
0 0.8609375 0.5034722222222222 0.18125000000000002 0.20694444444444446
0 0.839453125 0.2826388888888889 0.12578125 0.12916666666666668
0 0.47968750000000004 0.1277777777777778 0.035937500000000004 0.05555555555555556
0 0.39609375 0.07013888888888889 0.0203125 0.034722222222222224
0 0.941015625 0.12847222222222224 0.08359375000000001 0.08194444444444444
0 0.44140625 0.0638888888888889 0.028125 0.04166666666666667
0 0.46953125 0.013194444444444444 0.0203125 0.02361111111111111
0 0.57734375 0.04166666666666667 0.026562500000000003 0.05555555555555556
0 0.539453125 0.03958333333333333 0.025781250000000002 0.051388888888888894
