0 0.40729166666666666 0.7074074074074075 0.11145833333333333 0.22222222222222224
0 0.4427083333333333 0.4847222222222222 0.06666666666666667 0.13611111111111113
0 0.37447916666666664 0.37777777777777777 0.046875 0.07962962962962963
0 0.45546875 0.3013888888888889 0.0265625 0.04722222222222222
0 0.4979166666666667 0.28750000000000003 0.025 0.04351851851851852
0 0.41744791666666664 0.27361111111111114 0.025520833333333333 0.04537037037037037
0 0.4588541666666667 0.22731481481481483 0.020833333333333332 0.032407407407407406
0 0.43333333333333335 0.22685185185185186 0.015625 0.031481481481481485
0 0.6361979166666667 0.3962962962962963 0.05364583333333333 0.0962962962962963
0 0.4875 0.2574074074074074 0.01875 0.02962962962962963
0 0.4796875 0.2152777777777778 0.017708333333333333 0.03425925925925926
