0 0.792578125 0.4729166666666667 0.08828125 0.08194444444444444
0 0.451953125 0.7729166666666667 0.10390625 0.24861111111111112
0 0.28203125 0.7486111111111111 0.1390625 0.27222222222222225
0 0.39609375 0.5527777777777778 0.07500000000000001 0.1527777777777778
0 0.28828125 0.46111111111111114 0.0625 0.09722222222222222
0 0.351171875 0.37569444444444444 0.04296875 0.059722222222222225
0 0.81953125 0.36180555555555555 0.0625 0.05694444444444444
0 0.41250000000000003 0.36180555555555555 0.0328125 0.043055555555555555
0 0.394140625 0.3041666666666667 0.022656250000000003 0.03888888888888889
0 0.44843750000000004 0.2847222222222222 0.0203125 0.025
0 0.644140625 0.2715277777777778 0.02734375 0.03194444444444445
0 0.6175781250000001 0.2986111111111111 0.022656250000000003 0.030555555555555558
0 0.580078125 0.41111111111111115 0.06328125 0.08055555555555556
0 0.8152343750000001 0.6263888888888889 0.17578125 0.18333333333333335
0 0.42226562500000003 0.25833333333333336 0.017968750000000002 0.030555555555555558
0 0.476171875 0.25625000000000003 0.02109375 0.02638888888888889
0 0.436328125 0.2326388888888889 0.01171875 0.018055555555555557
0 0.45937500000000003 0.22916666666666669 0.010937500000000001 0.016666666666666666
0 0.6109375 0.24375000000000002 0.0171875 0.02361111111111111
