0 0.6082031250000001 0.425 0.09140625000000001 0.1527777777777778
0 0.38593750000000004 0.3076388888888889 0.06406250000000001 0.10138888888888889
0 0.498046875 0.24861111111111112 0.04296875 0.08333333333333334
0 0.7757812500000001 0.3416666666666667 0.0890625 0.10555555555555556
0 0.43359375 0.16180555555555556 0.034375 0.059722222222222225
0 0.551171875 0.15555555555555556 0.03359375 0.05
0 0.49921875000000004 0.1326388888888889 0.0234375 0.05416666666666667
0 0.6234375000000001 0.125 0.037500000000000006 0.03888888888888889
0 0.94453125 0.6020833333333333 0.10625000000000001 0.2791666666666667
0 0.784765625 0.1590277777777778 0.07109375 0.09583333333333334
0 0.630078125 0.07916666666666666 0.039843750000000004 0.04166666666666667
0 0.4734375 0.04791666666666667 0.015625 0.02638888888888889
0 0.5339843750000001 0.06944444444444445 0.01953125 0.036111111111111115
0 0.50546875 0.08541666666666667 0.018750000000000003 0.02638888888888889
0 0.5476562500000001 0.10902777777777778 0.0328125 0.0375
0 0.504296875 0.050694444444444445 0.017968750000000002 0.03194444444444445
