0 0.205859375 0.7458333333333333 0.20703125 0.3944444444444445
0 0.459765625 0.4430555555555556 0.11015625000000001 0.23055555555555557
0 0.46523437500000003 0.18680555555555556 0.06171875 0.13472222222222222
0 0.404296875 0.13680555555555557 0.047656250000000004 0.08750000000000001
0 0.33437500000000003 0.12222222222222223 0.0484375 0.08055555555555556
0 0.36835937500000004 0.06736111111111111 0.032031250000000004 0.059722222222222225
0 0.465625 0.08125 0.0421875 0.05416666666666667
0 0.724609375 0.15972222222222224 0.07734375 0.10833333333333334
0 0.650390625 0.3201388888888889 0.08671875000000001 0.15416666666666667
0 0.43593750000000003 0.02777777777777778 0.029687500000000002 0.05555555555555556
0 0.47109375000000003 0.03333333333333333 0.028125 0.05555555555555556
1 0.1125 0.4430555555555556 0.225 0.5222222222222223
0 0.39609375 0.020833333333333336 0.0234375 0.04166666666666667
0 0.7449218750000001 0.07083333333333333 0.047656250000000004 0.04722222222222222
0 0.70703125 0.044444444444444446 0.0328125 0.03888888888888889
0 0.6605468750000001 0.009027777777777779 0.04453125 0.018055555555555557
0 0.45 0.013194444444444444 0.0140625 0.02638888888888889
