0 0.37031250000000004 0.45763888888888893 0.0890625 0.22083333333333335
0 0.495703125 0.3236111111111111 0.06953125 0.13055555555555556
0 0.5105468750000001 0.19930555555555557 0.047656250000000004 0.08750000000000001
0 0.451953125 0.20069444444444445 0.041406250000000006 0.07361111111111111
0 0.37890625 0.20347222222222222 0.0484375 0.08472222222222223
0 0.439453125 0.10972222222222222 0.02890625 0.044444444444444446
0 0.47578125000000004 0.1388888888888889 0.0328125 0.05555555555555556
0 0.517578125 0.09652777777777778 0.032031250000000004 0.04583333333333334
0 0.8093750000000001 0.25625000000000003 0.078125 0.12638888888888888
0 0.8816406250000001 0.16180555555555556 0.06640625 0.08472222222222223
0 0.65546875 0.2986111111111111 0.0625 0.10277777777777779
0 0.844921875 0.7708333333333334 0.17265625 0.2888888888888889
0 0.48046875 0.09097222222222223 0.021875000000000002 0.034722222222222224
0 0.46210937500000004 0.061111111111111116 0.02421875 0.044444444444444446
0 0.7484375000000001 0.09652777777777778 0.045312500000000006 0.04861111111111111
0 0.6824218750000001 0.05694444444444444 0.03359375 0.03888888888888889
0 0.4921875 0.05277777777777778 0.0125 0.02777777777777778
