1 0.15625 0.46319444444444446 0.1625 0.24027777777777778
0 0.5281250000000001 0.7631944444444445 0.13125 0.24027777777777778
0 0.7660156250000001 0.6145833333333334 0.14140625 0.17083333333333334
0 0.5867187500000001 0.48194444444444445 0.07187500000000001 0.13333333333333333
0 0.4921875 0.5 0.065625 0.1277777777777778
0 0.49296875 0.34861111111111115 0.035937500000000004 0.061111111111111116
0 0.548046875 0.3590277777777778 0.04609375 0.07083333333333333
0 0.6039062500000001 0.36944444444444446 0.053125000000000006 0.075
0 0.570703125 0.3027777777777778 0.03359375 0.05277777777777778
0 0.217578125 0.8791666666666667 0.14921875 0.22222222222222224
0 0.2578125 0.5395833333333333 0.0765625 0.14305555555555557
0 0.37578125 0.49930555555555556 0.0578125 0.08472222222222223
0 0.323046875 0.42986111111111114 0.055468750000000004 0.07916666666666666
0 0.325 0.34444444444444444 0.03125 0.05555555555555556
0 0.771484375 0.8798611111111111 0.26015625000000003 0.23750000000000002
1 0.89453125 0.41597222222222224 0.20468750000000002 0.26805555555555555
0 0.5265625 0.31180555555555556 0.021875000000000002 0.0375
0 0.504296875 0.29583333333333334 0.02109375 0.04166666666666667
0 0.494921875 0.2798611111111111 0.01953125 0.04583333333333334
0 0.5242187500000001 0.2729166666666667 0.025 0.0375
0 0.536328125 0.24791666666666667 0.01640625 0.034722222222222224
0 0.57265625 0.23819444444444446 0.0234375 0.02638888888888889
0 0.51015625 0.23055555555555557 0.009375000000000001 0.019444444444444445
