0 0.10625000000000001 0.45972222222222225 0.11875000000000001 0.16944444444444445
0 0.50703125 0.33125 0.05625 0.10694444444444445
0 0.582421875 0.27222222222222225 0.047656250000000004 0.08611111111111111
0 0.6648437500000001 0.2798611111111111 0.065625 0.09583333333333334
0 0.519140625 0.19166666666666668 0.02890625 0.044444444444444446
0 0.558203125 0.19375 0.032031250000000004 0.04861111111111111
0 0.6003906250000001 0.17083333333333334 0.03359375 0.05277777777777778
0 0.54453125 0.14444444444444446 0.026562500000000003 0.03888888888888889
0 0.219140625 0.4791666666666667 0.10078125 0.17500000000000002
0 0.185546875 0.7270833333333334 0.18203125 0.29583333333333334
0 0.5125000000000001 0.15763888888888888 0.0234375 0.03194444444444445
0 0.7761718750000001 0.24305555555555555 0.06484375 0.08055555555555556
0 0.5144531250000001 0.12569444444444444 0.01015625 0.020833333333333336
0 0.6664062500000001 0.12430555555555556 0.053125000000000006 0.05694444444444444
0 0.56875 0.12013888888888889 0.015625 0.02638888888888889
0 0.5359375000000001 0.10486111111111111 0.015625 0.02361111111111111
