0 0.476171875 0.6506944444444445 0.11171875 0.1875
0 0.20664062500000002 0.3055555555555556 0.05078125 0.09444444444444444
0 0.6882812500000001 0.8638888888888889 0.1921875 0.26944444444444443
0 0.6566406250000001 0.5118055555555556 0.09140625000000001 0.14583333333333334
0 0.5265625 0.4340277777777778 0.07500000000000001 0.10416666666666667
0 0.439453125 0.3965277777777778 0.05390625 0.09027777777777778
0 0.42578125 0.29097222222222224 0.03125 0.059722222222222225
0 0.4765625 0.2659722222222222 0.046875 0.09861111111111112
0 0.523046875 0.26666666666666666 0.030468750000000003 0.06666666666666667
0 0.424609375 0.22708333333333333 0.032031250000000004 0.05416666666666667
0 0.22187500000000002 0.5347222222222222 0.1078125 0.18055555555555555
0 0.06601562500000001 0.5361111111111111 0.12578125 0.18333333333333335
0 0.266796875 0.25972222222222224 0.032031250000000004 0.061111111111111116
0 0.540625 0.3513888888888889 0.08281250000000001 0.06944444444444445
0 0.6121093750000001 0.2791666666666667 0.03671875 0.061111111111111116
0 0.57265625 0.24791666666666667 0.0390625 0.0375
0 0.55625 0.22361111111111112 0.021875000000000002 0.03333333333333333
0 0.455078125 0.24930555555555556 0.02109375 0.04027777777777778
0 0.49257812500000003 0.2138888888888889 0.02734375 0.03888888888888889
0 0.46914062500000003 0.20069444444444445 0.014843750000000001 0.029166666666666667
0 0.44765625000000003 0.19791666666666669 0.0125 0.02361111111111111
0 0.46601562500000004 0.1826388888888889 0.022656250000000003 0.02638888888888889
