0 0.659765625 0.8215277777777779 0.13671875 0.3541666666666667
0 0.412109375 0.7895833333333334 0.13828125 0.2986111111111111
0 0.6531250000000001 0.45763888888888893 0.06406250000000001 0.11805555555555557
0 0.563671875 0.41250000000000003 0.05078125 0.10833333333333334
0 0.93359375 0.28125 0.046875 0.04583333333333334
0 0.5671875000000001 0.24791666666666667 0.026562500000000003 0.03194444444444445
0 0.6000000000000001 0.2951388888888889 0.029687500000000002 0.05416666666666667
0 0.804296875 0.4430555555555556 0.08828125 0.15
0 0.960546875 0.42986111111111114 0.07578125000000001 0.12083333333333333
0 0.85859375 0.24097222222222223 0.029687500000000002 0.04583333333333334
0 0.65234375 0.26180555555555557 0.028125 0.051388888888888894
0 0.609375 0.2534722222222222 0.026562500000000003 0.03194444444444445
0 0.616796875 0.22222222222222224 0.017968750000000002 0.02777777777777778
0 0.59921875 0.20347222222222222 0.0203125 0.029166666666666667
0 0.64765625 0.20625000000000002 0.021875000000000002 0.018055555555555557
0 0.7214843750000001 0.26458333333333334 0.030468750000000003 0.051388888888888894
