0 0.36484375 0.8236111111111112 0.146875 0.35000000000000003
0 0.52265625 0.4444444444444445 0.09531250000000001 0.16944444444444445
0 0.39375000000000004 0.22986111111111113 0.0484375 0.0763888888888889
0 0.47578125000000004 0.23680555555555557 0.05 0.0763888888888889
0 0.34218750000000003 0.15972222222222224 0.03125 0.04166666666666667
0 0.8035156250000001 0.11388888888888889 0.05859375 0.058333333333333334
0 0.078125 0.8243055555555556 0.1546875 0.3458333333333333
0 0.607421875 0.23125 0.07890625000000001 0.12083333333333333
0 0.45039062500000004 0.14027777777777778 0.03359375 0.05
0 0.39882812500000003 0.13333333333333333 0.030468750000000003 0.05277777777777778
0 0.36640625000000004 0.09583333333333334 0.015625 0.036111111111111115
0 0.5359375000000001 0.13055555555555556 0.043750000000000004 0.075
0 0.716015625 0.15486111111111112 0.049218750000000006 0.09861111111111112
0 0.401953125 0.08888888888888889 0.022656250000000003 0.03333333333333333
0 0.43593750000000003 0.07569444444444445 0.021875000000000002 0.02361111111111111
