0 0.606640625 0.6826388888888889 0.06328125 0.10972222222222222
0 0.29531250000000003 0.5631944444444444 0.0484375 0.07083333333333333
0 0.51484375 0.525 0.03125 0.05277777777777778
0 0.603125 0.5131944444444445 0.034375 0.059722222222222225
0 0.55 0.5055555555555555 0.0328125 0.05277777777777778
0 0.5632812500000001 0.4590277777777778 0.0171875 0.03194444444444445
0 0.529296875 0.6402777777777778 0.05390625 0.10833333333333334
0 0.06640625 0.9430555555555556 0.1265625 0.10277777777777779
0 0.533203125 0.93125 0.13359375 0.12916666666666668
0 0.663671875 0.6201388888888889 0.047656250000000004 0.0763888888888889
0 0.7132812500000001 0.5347222222222222 0.037500000000000006 0.044444444444444446
0 0.67734375 0.5027777777777778 0.029687500000000002 0.05
0 0.593359375 0.5965277777777778 0.047656250000000004 0.059722222222222225
0 0.3375 0.7659722222222223 0.0578125 0.11805555555555557
0 0.26640625 0.6979166666666667 0.0765625 0.09305555555555556
0 0.53359375 0.45625000000000004 0.021875000000000002 0.029166666666666667
0 0.548828125 0.4416666666666667 0.013281250000000001 0.02777777777777778
0 0.526953125 0.4375 0.00859375 0.022222222222222223
0 0.595703125 0.44097222222222227 0.02109375 0.02638888888888889
0 0.5105468750000001 0.42430555555555555 0.00859375 0.0125
