0 0.71640625 0.5375 0.109375 0.11388888888888889
0 0.41328125000000004 0.4479166666666667 0.05 0.10416666666666667
0 0.36171875000000003 0.3277777777777778 0.0390625 0.044444444444444446
0 0.42695312500000004 0.33125 0.030468750000000003 0.05694444444444444
0 0.48867187500000003 0.31666666666666665 0.03515625 0.04722222222222222
0 0.93125 0.5069444444444444 0.12812500000000002 0.11666666666666667
0 0.40664062500000003 0.2326388888888889 0.01953125 0.020833333333333336
0 0.7359375 0.4277777777777778 0.0859375 0.075
0 0.92578125 0.6916666666666667 0.1453125 0.21666666666666667
0 0.952734375 0.37222222222222223 0.09296875 0.12222222222222223
0 0.437109375 0.2576388888888889 0.02421875 0.043055555555555555
0 0.48125 0.26666666666666666 0.029687500000000002 0.04166666666666667
0 0.47187500000000004 0.23125 0.0234375 0.020833333333333336
0 0.44140625 0.2215277777777778 0.0171875 0.020833333333333336
0 0.41835937500000003 0.20416666666666666 0.013281250000000001 0.019444444444444445
0 0.562109375 0.28750000000000003 0.02890625 0.061111111111111116
0 0.5281250000000001 0.23680555555555557 0.03125 0.05416666666666667
