0 0.894140625 0.7993055555555556 0.21015625000000002 0.2902777777777778
0 0.5906250000000001 0.48750000000000004 0.06406250000000001 0.09444444444444444
0 0.51328125 0.44236111111111115 0.05 0.08750000000000001
0 0.6410156250000001 0.3770833333333333 0.04609375 0.07083333333333333
0 0.24726562500000002 0.43819444444444444 0.07734375 0.09305555555555556
0 0.520703125 0.3354166666666667 0.02890625 0.04861111111111111
0 0.603125 0.32916666666666666 0.034375 0.05555555555555556
0 0.5574218750000001 0.3180555555555556 0.032031250000000004 0.04722222222222222
0 0.51875 0.28541666666666665 0.025 0.03194444444444445
0 0.19921875 0.8534722222222223 0.16718750000000002 0.27083333333333337
0 0.71484375 0.93125 0.1640625 0.13472222222222222
0 0.737890625 0.31666666666666665 0.09609375 0.10277777777777779
0 0.58046875 0.3784722222222222 0.0484375 0.07083333333333333
0 0.572265625 0.27847222222222223 0.014843750000000001 0.029166666666666667
0 0.551171875 0.28125 0.013281250000000001 0.02361111111111111
0 0.525390625 0.25416666666666665 0.017968750000000002 0.019444444444444445
0 0.5578125 0.24375000000000002 0.015625 0.02638888888888889
