0 0.129296875 0.5006944444444444 0.14765625000000002 0.20694444444444446
0 0.346484375 0.33472222222222225 0.06796875000000001 0.13611111111111113
0 0.45 0.3763888888888889 0.07187500000000001 0.1388888888888889
0 0.71015625 0.47222222222222227 0.15781250000000002 0.19722222222222224
0 0.41523437500000004 0.2 0.041406250000000006 0.06944444444444445
0 0.401953125 0.1388888888888889 0.03828125 0.05277777777777778
0 0.3765625 0.07777777777777778 0.028125 0.036111111111111115
0 0.463671875 0.08888888888888889 0.02890625 0.058333333333333334
0 0.42734375 0.07361111111111111 0.0234375 0.044444444444444446
0 0.6375000000000001 0.07777777777777778 0.0328125 0.05
0 0.462890625 0.034722222222222224 0.01640625 0.02777777777777778
0 0.435546875 0.04930555555555556 0.01953125 0.02361111111111111
0 0.44179687500000003 0.02638888888888889 0.017968750000000002 0.025
