0 0.219140625 0.7395833333333334 0.20234375000000002 0.3597222222222222
0 0.44257812500000004 0.3902777777777778 0.07109375 0.16944444444444445
0 0.36250000000000004 0.3194444444444445 0.07187500000000001 0.15833333333333333
0 0.404296875 0.1840277777777778 0.039843750000000004 0.08194444444444444
0 0.47187500000000004 0.16527777777777777 0.045312500000000006 0.06666666666666667
0 0.42695312500000004 0.11527777777777778 0.032031250000000004 0.05555555555555556
0 0.4765625 0.09861111111111112 0.03125 0.04722222222222222
0 0.734375 0.2701388888888889 0.078125 0.11527777777777778
0 0.47500000000000003 0.043750000000000004 0.0203125 0.0375
0 0.43984375000000003 0.8604166666666667 0.16718750000000002 0.2763888888888889
0 0.44453125000000004 0.0763888888888889 0.029687500000000002 0.04722222222222222
0 0.451171875 0.04722222222222222 0.01640625 0.02777777777777778
0 0.43125 0.02777777777777778 0.018750000000000003 0.03333333333333333
0 0.459765625 0.018055555555555557 0.013281250000000001 0.025
0 0.62265625 0.04027777777777778 0.025 0.019444444444444445
0 0.7078125000000001 0.18472222222222223 0.059375000000000004 0.0638888888888889
0 0.6039062500000001 0.2625 0.060937500000000006 0.10277777777777779
