0 0.61484375 0.7875 0.0890625 0.13611111111111113
0 0.503125 0.7958333333333334 0.078125 0.1388888888888889
0 0.48671875000000003 0.6284722222222222 0.046875 0.08194444444444444
0 0.43085937500000004 0.5798611111111112 0.03359375 0.05694444444444444
0 0.47578125000000004 0.55 0.034375 0.04722222222222222
0 0.5164062500000001 0.5576388888888889 0.029687500000000002 0.05694444444444444
0 0.43828125 0.5236111111111111 0.0328125 0.04722222222222222
0 0.47500000000000003 0.4902777777777778 0.0234375 0.03333333333333333
0 0.382421875 0.9236111111111112 0.10078125 0.15
0 0.6136718750000001 0.55 0.03515625 0.044444444444444446
0 0.562890625 0.5 0.02421875 0.036111111111111115
0 0.44765625000000003 0.48958333333333337 0.015625 0.02638888888888889
0 0.362109375 0.5840277777777778 0.02421875 0.0375
0 0.34492187500000004 0.545138888888889 0.025781250000000002 0.04027777777777778
0 0.468359375 0.4548611111111111 0.00859375 0.015277777777777779
0 0.484375 0.4548611111111111 0.015625 0.018055555555555557
