0 0.279296875 0.5284722222222222 0.11953125 0.21805555555555556
0 0.4609375 0.33333333333333337 0.0734375 0.14166666666666666
0 0.7664062500000001 0.20347222222222222 0.08125 0.07916666666666666
0 0.41328125000000004 0.1125 0.0328125 0.05
0 0.467578125 0.14652777777777778 0.041406250000000006 0.10694444444444445
0 0.7644531250000001 0.08819444444444445 0.04609375 0.04027777777777778
0 0.35195312500000003 0.09722222222222222 0.030468750000000003 0.05
0 0.3765625 0.05763888888888889 0.025 0.0375
0 0.46796875000000004 0.06458333333333334 0.026562500000000003 0.04027777777777778
1 0.14453125 0.2965277777777778 0.2484375 0.3791666666666667
0 0.40156250000000004 0.8569444444444445 0.16562500000000002 0.2833333333333333
0 0.726171875 0.4861111111111111 0.16484375 0.23333333333333334
0 0.726171875 0.050694444444444445 0.03359375 0.0375
0 0.661328125 0.014583333333333334 0.04609375 0.029166666666666667
0 0.43789062500000003 0.02291666666666667 0.02109375 0.03194444444444445
0 0.40468750000000003 0.02291666666666667 0.021875000000000002 0.034722222222222224
0 0.47500000000000003 0.02291666666666667 0.015625 0.03194444444444445
