0 0.52265625 0.8250000000000001 0.1171875 0.3027777777777778
0 0.262890625 0.8736111111111111 0.18046875 0.25
0 0.42617187500000003 0.5048611111111111 0.07578125000000001 0.1513888888888889
0 0.537109375 0.50625 0.06640625 0.12916666666666668
0 0.71796875 0.5041666666666667 0.0859375 0.13055555555555556
0 0.48984375 0.39722222222222225 0.053125000000000006 0.08888888888888889
0 0.40546875000000004 0.3506944444444445 0.0390625 0.07083333333333333
0 0.4390625 0.29305555555555557 0.034375 0.05
0 0.484375 0.28611111111111115 0.026562500000000003 0.044444444444444446
0 0.73046875 0.26319444444444445 0.043750000000000004 0.04861111111111111
0 0.46953125 0.24027777777777778 0.015625 0.03888888888888889
0 0.9765625 0.3194444444444445 0.043750000000000004 0.08611111111111111
0 0.7289062500000001 0.1951388888888889 0.026562500000000003 0.043055555555555555
0 0.54140625 0.19652777777777777 0.0125 0.018055555555555557
0 0.5125000000000001 0.22013888888888888 0.018750000000000003 0.02361111111111111
0 0.6824218750000001 0.17777777777777778 0.02734375 0.022222222222222223
0 0.490234375 0.19791666666666669 0.017968750000000002 0.02638888888888889
0 0.5261718750000001 0.1736111111111111 0.01171875 0.016666666666666666
0 0.6136718750000001 0.28958333333333336 0.05390625 0.07916666666666666
