0 0.26953125 0.6381944444444445 0.096875 0.1736111111111111
0 0.537109375 0.5020833333333333 0.06015625 0.10138888888888889
0 0.8246093750000001 0.7006944444444445 0.13984375000000002 0.15694444444444444
0 0.88203125 0.5958333333333333 0.1203125 0.125
0 0.4578125 0.4236111111111111 0.043750000000000004 0.06666666666666667
0 0.508984375 0.37430555555555556 0.030468750000000003 0.05416666666666667
0 0.400390625 0.34375 0.02734375 0.03194444444444445
0 0.463671875 0.3076388888888889 0.01953125 0.03194444444444445
0 0.498046875 0.3145833333333333 0.022656250000000003 0.04027777777777778
0 0.42226562500000003 0.30069444444444443 0.01640625 0.029166666666666667
0 0.43515625 0.27708333333333335 0.018750000000000003 0.02638888888888889
0 0.642578125 0.9104166666666667 0.18046875 0.1763888888888889
0 0.403125 0.9333333333333333 0.140625 0.13055555555555556
0 0.623046875 0.4138888888888889 0.07578125000000001 0.09444444444444444
0 0.726171875 0.4486111111111111 0.08671875000000001 0.11388888888888889
0 0.8128906250000001 0.33472222222222225 0.11640625 0.125
0 0.603125 0.3236111111111111 0.034375 0.036111111111111115
